[560,1125,300,620,2100,431,68,328,47,122,322,196,41,25,425,4260,416,115,82,22,631,132,420,86,42,103,215,81,91,26,49,420,316,72,71,49,108,116,90,738,1811,430,3060,215,58,296,620,418,47,81]
[800]
[[35.1284721907,98.3187721758,9.94338974083,31.6046267682,132.439827734,14.6435911745,3.1325424979,8.84636756069,3.06368565273,18.3281586851,7.62426702122,25.6160307293,0.936805588391,0.829784480005,10.0635631687,257.191406685,0,8.66216158845,0.908339741645,0,44.4473917748,8.17047002245,16.2549431643,6.43295141793,0.923274041412,5.76106777281,10.7162804852,6.7084045934,1.90424203363,0.901175337459,0,0,41.3079807155,6.72498797588,3.50333950194,8.64942734985,0,11.7597082202,1.15108711802,40.9885931846,80.58738374,10.0807788066,135.458030289,7.09566888569,0,33.7244753113,22.2196166628,0,1.89431514908,3.83636843932],
 [47.781816911,88.0218627819,9.1046692888,30.5016495849,141.980590326,19.6513590911,3.17212227217,15.0600782072,3.26412481732,17.5664108,9.56897301406,23.3480100757,0.804596291943,0.919592939955,10.795874111,323.783008952,9.42392387031,7.32060203339,0.913252467958,0.989955413937,51.6550452465,7.06030940289,22.1614136699,6.26801954062,1.04778102354,4.85424519522,0,8.41275992042,2.24018444873,1.07553459526,0,9.80258374391,45.0962006688,6.07734880396,4.59418553075,7.20022809903,0,9.77554559922,0.891137394742,33.8577678971,87.446902339,11.520708278,131.741671715,7.50193837105,3.35365744312,27.1283502037,29.1202906857,0,2.12945146563,3.91360623502],
 [45.2237144711,79.1640806909,10.5327843189,28.6393373592,181.838059679,16.2912373965,2.69120438585,14.1970916999,2.54165597181,19.9587989348,9.2038284196,27.0949630873,1.04806297225,0,10.6936503381,291.544162221,0,8.72158560709,1.05546849987,0.935569490907,51.0814815723,7.65659941686,20.6093587537,5.70128421367,0.859278527284,4.92433946654,8.53292357011,7.91627263808,1.82522768343,0.906678232391,0,0,43.1854177412,5.9243387967,3.6995641321,0,0,9.02726595065,0.97522418764,0,87.5314642075,12.7903634241,134.351112003,7.59886075619,2.8037250349,32.9405377475,26.4938453814,0,1.89324340513,3.53422982611],
 [36.3290311234,103.23512795,0,32.0761154389,150.451659173,15.0524146843,3.48591343649,13.5226821514,3.43563978924,18.683427646,8.88336002398,27.5653102333,1.17851474192,0.870558222548,11.1914498199,289.208459159,0,7.68991541233,1.19344807192,0,37.8176171465,7.13933252836,16.5320239052,5.79470060017,1.0028927249,5.19774452558,10.9111371434,6.80653500604,1.58619305552,1.12708539726,0,11.1257559272,42.3541284941,6.33412806565,4.05637480324,9.31644925343,0,8.11071596283,0.987792986636,42.1063933646,85.9647814616,10.2545078963,117.501877242,7.89795070624,3.02163474295,32.2588064122,21.447304156,12.4348275842,1.68158719595,3.59835946941],
 [46.8161707422,94.0082928211,9.05904164363,28.3031472163,147.905723237,17.2033740553,2.82065690735,11.6342826327,2.59640950357,0,8.81285411846,27.4161221963,1.02370098965,0.873327323734,9.91512732708,287.207216523,11.267906367,0,1.04864460896,0.997008116669,38.673555772,8.29168264133,22.4233763377,6.39512850306,1.02156502229,6.00749155783,9.44705001299,9.03086814756,2.21326778569,1.03299398153,0,10.8421301002,44.1576970129,5.44089926047,3.61988797515,8.41981605247,0,10.8029145321,1.09423664032,44.6769907629,110.291095728,11.4109475164,108.184846411,6.92686936502,2.93655735369,34.7810659128,27.5330346042,0,2.07773794528,3.67250395343],
 [0,85.3175633496,10.0372306908,29.5194750195,185.523632523,21.7498573041,3.12244598109,13.2186895812,2.69507776898,18.8046272733,8.051827652,26.6013926508,1.06645680244,0.922548183621,11.350757998,287.95555101,7.95029923047,7.67286927696,0.97861151573,1.06388281013,51.7907781877,6.86208671692,21.2956025939,5.69888776915,1.11650257592,4.93314621113,7.95166634901,7.23741438163,1.71041026984,0.970638101496,0,12.1430679843,38.8133657287,0,3.6911967525,7.5109390525,0,10.392493644,1.25584409012,38.3240942877,72.8660022695,11.2262360812,106.33464571,6.65270520779,2.7082394257,32.1659341462,27.7812686421,0,2.00542101631,3.93844938372],
 [41.4605831449,95.6126783907,10.4349062592,27.645751574,156.198978595,18.9371941228,3.3038750138,11.7681969644,3.27212170823,15.8966488865,8.4837842904,22.0487324016,0.89834268425,0.895249156628,9.66879419338,0,0,8.05885339121,0,1.03645484271,49.2467931001,8.05086304784,22.3426896461,6.90660704009,1.03552917293,4.59202633111,10.7049590605,6.40310444505,2.03502878232,1.11081403213,0,8.54324677469,38.2241837341,4.78883455409,3.43469386387,8.03492880158,0,10.120113982,1.01439591714,42.9624247538,91.7219536398,9.56210408448,115.552082592,8.25669568719,3.15891571139,31.0487744417,26.7428619769,0,1.76027913852,0],
 [37.9889098915,76.9708631584,9.00569726588,28.7502211222,163.56091358,19.3238853224,3.18409613127,12.3121002895,3.01554610617,0,9.92118287365,28.2634056501,1.06305893793,1.01867294129,10.4768005924,344.08736989,9.74282941161,6.79757697436,0.844767970554,0.996559330627,53.8096077161,8.95311617251,19.6567258265,5.90618408008,0.980501559318,4.91177404194,12.6779629775,7.50012855135,1.78890161027,0.914029030266,0,10.7560075854,50.1503823705,0,4.26755534612,8.062807738,0,10.9628774289,0.962562594569,37.9416593812,87.8211666335,11.8090874663,0,8.38689562795,3.72953105641,27.2132752692,25.5037145024,14.5543914961,1.78807074238,0],
 [38.654873444,96.3017496327,10.4971760844,29.8127528433,177.190199239,23.4863610356,3.32012701379,13.0065757616,2.65012008539,18.6420515309,8.66530794358,26.4378324747,1.22745008221,1.0199284898,0,288.521963663,9.69862113516,9.12437395059,0.89047757783,0.950511961963,51.6321331324,8.80021481466,19.8138248291,6.12999521311,1.01095478734,4.05210850656,9.11007516914,8.08176006937,1.75181053224,1.02956670966,0,11.1453586149,35.5482402445,0,4.48237847684,7.4259536005,0,9.79638401707,0.983913045935,40.5639872762,77.0401836164,13.2941333588,138.266811746,8.40217899095,3.32808450116,32.4022189332,29.2837902378,13.0314707967,2.12896510047,3.78108990826],
 [0,93.1629939926,9.05724316014,26.554937946,170.023590568,18.8798161466,3.76500941647,12.8043420265,2.5840006614,17.2974415609,12.1941806247,22.5870064803,0.915484751464,0.955010121402,9.73909515512,304.829020896,11.7348093222,7.91918936119,1.01136351484,0,57.0006182818,7.92193119623,16.5564156328,6.54232307516,0.983479776022,4.41808007215,11.0159008999,7.97564580665,2.23396888156,1.16628104407,0,9.2564205143,45.1425823845,5.50275697314,3.4105799794,8.21441166889,0,10.7198569838,1.05533037006,35.3377243122,80.9693401878,11.5319637215,113.441102988,7.09658105615,2.97772258917,37.1782226976,25.0275343721,0,1.97334445199,0],
 [42.7995348075,96.6024339686,9.95612127404,23.8933732749,186.655139463,21.157535058,2.87257083117,12.4677510029,3.23587839821,0,10.1295506656,24.8161021587,1.14980831466,1.15032015242,10.5467945904,311.774577187,9.98486059591,8.45337567065,1.12975478914,0,49.7559915546,6.91323477122,0,6.87985973475,0.842610740483,0,10.9760551744,7.21866765765,1.97574184548,0.994719047773,0,8.62066161213,46.0958867757,6.40914841569,0,9.03168277548,0,11.3048040138,1.06659683451,41.3217421626,82.8887120655,10.9978340347,120.957884061,0,0,0,32.1819570841,12.8774741314,0,3.97098558297],
 [41.419435986,104.832886907,11.4087389142,28.3539550906,160.844997741,18.9088830231,3.09405543236,10.7119049729,2.45901414623,19.2902398278,8.86932266071,27.8991384361,0.98405165489,1.09783615093,9.62069041355,0,9.39415010808,6.89867012329,1.09363059329,0.941587081059,49.2849080854,9.2623646445,24.5760229499,5.91143220768,0.941367092098,4.94883361144,9.94603553727,6.90622213639,2.08406810489,0.866999204052,0,9.42703315446,40.6078186928,5.80452608202,4.50440565828,0,0,10.8064452678,0.945761536014,42.7756453867,88.3881992154,11.8272369491,128.43006077,6.16944886507,3.33726090163,27.5523487784,32.1574340964,14.5652519206,1.57651046481,4.00503076549],
 [39.9128554294,99.2087859588,9.40887667151,25.7397816662,155.895484088,20.6204771801,3.11621217153,11.7783744524,2.94966090661,0,8.43358930466,20.7705220028,0.936710518185,0.948037185583,8.60842738217,301.461449359,10.0359959674,7.5072614454,1.06249916246,0.968646103615,42.7707172211,7.93366334722,21.5742710208,5.68641696878,1.06468518687,4.5613777859,8.5954068492,7.17628326454,2.00331758751,0.913933200729,0,9.67091766475,40.2856266278,7.08820125681,0,7.85140804927,0,11.1831479968,1.0036553016,0,88.7921492841,10.3694701419,108.451264351,8.72717557746,3.01301526965,34.4868409146,25.3003115819,12.6014670884,0,4.12261085017],
 [44.2855144927,86.2508624897,10.3147221031,30.9254686236,168.644266767,16.3849640631,2.53305763438,11.2894918298,3.16314220084,20.9827377315,8.26096538244,19.0397482542,0.964667167443,0.973675949252,9.32715953843,324.549841774,10.9106080877,0,0.741950796234,0.963906265307,48.2304260763,7.69109582742,0,6.74412190395,1.08883572957,5.83156292776,10.5589189016,7.27678487703,2.14884136524,1.07822753208,0,0,35.8202946216,6.44763468301,4.19148918099,8.3374146379,0,11.842563976,0.926315728547,37.6530138969,85.9285602876,13.410938275,114.627835609,6.4962019293,3.75123030852,37.4118810381,25.6781148595,13.5104807738,1.74934533972,3.61628506846],
 [38.2227557438,71.538218261,10.5965445636,20.4720861488,143.159436591,22.0264346012,2.71689533346,11.4570848936,3.24822618764,19.2567229607,10.2980063991,26.364595196,1.06030883675,0.970132468167,11.2849500164,280.833141308,10.6969251859,6.5291968011,1.27831160666,1.01791324153,46.7395474832,9.36890569365,0,6.79623049123,0.977479005438,5.64463617816,11.4521146026,8.44604396308,2.28293315457,1.0573607131,0,0,47.22242993,6.33063425015,3.59861657747,7.39004631828,0,10.131278347,0.997941031,37.4364846443,76.1287919478,12.6677581408,118.070433954,9.24734256969,2.75511958894,30.096692879,27.5638939108,0,1.69752580137,4.25146946685],
 [36.7396410556,102.612303504,12.3762472807,27.6707580566,165.585089304,17.9063744773,3.02637990744,11.5715045475,3.20557370431,20.9604707117,8.77639837397,25.5076028964,0.925020280786,1.08273687875,12.2406012188,0,9.77900000814,0,0.9042108114,1.00876457919,43.439309224,6.58169653353,19.8795991021,6.64279188504,1.02529694431,4.81521735903,10.8112640045,7.71024079569,2.4587110172,0.980572562859,0,8.83082378065,39.03164281,5.69957727081,4.6366470409,7.90401905568,0,8.58887191251,1.00853059806,35.8504432681,86.2396898193,11.0340167149,107.458389682,9.19066849429,2.35672143684,30.9008393951,28.4653952278,13.3685232509,2.02258523584,3.79242530785],
 [46.1181431992,85.1552362798,10.4063999601,27.0212150824,189.835652196,22.0214872235,3.53939612172,11.4791163852,3.09947285162,20.6900248047,8.82335657276,25.2983205175,1.0218302559,0.999726915684,9.67820501257,329.291153684,9.94341792813,7.28445075254,0.989317196428,1.09545263177,39.9154202808,7.87966390442,20.9860511525,6.21187133295,0.992365562516,5.07779581417,11.3496955927,7.30690726025,1.94489404176,0.921461219018,0,8.2261261213,41.2601257318,4.96804956534,4.47072673274,0,0,10.4271950928,1.27018013142,47.2077403987,82.2944678508,10.1165792366,134.074771823,6.98951892398,3.03889353461,35.7437164439,24.8526150699,12.3861841295,2.12654299893,3.6416779144],
 [44.9473653291,79.7405248991,10.4995083518,30.6888053342,159.472521883,23.5689810129,3.05348569316,13.3237332008,0,16.4178253364,9.16316524491,25.5848819625,1.06439360748,1.02624106246,9.43470755221,292.862979589,9.14010278666,6.95781409954,1.05874905699,1.18230407386,44.2366759752,9.004777313,20.3468209531,5.42361716993,1.02304282279,5.5377330992,9.76085167523,7.81634106843,2.1108580704,1.12235077077,0,9.69057079414,40.8337689175,5.56833481742,4.02360787029,7.55109921682,0,0,0,38.8074296023,79.3396366944,9.77115537348,115.377363139,7.36574128244,3.20073216411,30.8015791984,23.5117684219,0,2.24997742672,4.40320790308],
 [37.0641975686,90.9022281424,9.51503623189,28.4155564451,0,20.5980660341,3.13442794433,12.2778637843,3.01426592969,18.3975736828,7.62274564195,22.8889982367,1.08178185973,0.920355827533,8.92181613838,316.52337334,8.91670460689,7.02856911168,0.967544123381,0.979084399071,53.714792259,9.9133079527,23.9551142192,5.3069857128,1.02434083536,4.82022656235,11.7248844311,7.80845268995,2.06889624346,0.905695631375,0,9.86224376372,33.8452521715,4.82491155983,3.93664084011,0,0,11.4574711963,0.930463546884,40.6309950731,96.019235281,10.0854156402,124.109811242,9.39916626966,2.23468121176,35.3417768653,23.5686811591,11.9066488985,2.28757969402,3.67785928391],
 [42.5365545888,84.5671802418,9.71425555363,26.4630255697,178.428235823,18.4545262905,2.64070563407,11.9439731981,3.34773549413,0,9.90231862088,24.2300827649,1.08239547027,1.07481923935,10.1431449443,0,8.89864826892,8.68525640031,0.9884889369,1.04216718505,58.6433615584,8.31274039345,19.7485815633,6.00388464715,0.874279406033,4.86829587766,9.99512860563,9.04790701132,2.26469179246,0.98373641575,0,11.2716148409,39.0265858136,5.07198479373,3.70454177287,7.90291884522,0,9.18293808472,1.01087587017,40.4688450809,75.1007803716,11.8467205553,115.059539491,8.59809669496,3.0927074641,34.2762639318,32.9958998701,0,2.28023437409,4.9840527114],
 [41.7899252288,92.8609588502,9.4952269098,27.5384858955,165.290209297,20.2057838666,3.16943004059,12.1524611986,2.98544325443,0,8.93819889345,25.0342580862,1.00994016629,0.792875991508,9.97076609561,242.207256898,9.65414233463,6.82123806936,0.813091928486,0.97107129759,51.5031448845,8.0989072459,20.7069367328,0,0.783522989972,5.51227667277,10.2820869199,7.21824810987,1.86367672145,0.979696944133,0,0,34.9600196611,6.39649184387,4.85954928807,8.01507708767,0,0,1.14719479808,49.0622361217,106.259964492,10.5372249369,122.160852662,9.08503566788,3.79824975856,35.0880386709,23.4009452204,12.763006989,1.89378501439,3.66677773476],
 [37.4301085452,93.9717377103,8.42888910018,25.0056381818,114.87392931,18.6796732787,3.37703016397,12.8142191401,3.2376915231,17.5231214592,9.52169873352,25.0918939497,1.04900253474,1.00745878795,9.23652602874,293.136920976,11.2323953156,7.83179437046,0.98650785778,0.859800928076,43.4531372935,7.30585884202,20.7607852103,0,1.09312272197,4.84790363481,11.043843563,6.96698582391,2.12466035956,1.0652009749,0,0,43.7179287408,7.13715350144,4.08216929132,7.33563876089,0,10.2075244555,0.848612470522,0,77.0584576058,11.1702361494,105.621065506,8.01343595728,3.13175924159,31.8607973755,28.8027065212,0,2.2133602055,3.7685575625],
 [38.6110326068,80.3016352274,10.4949047879,30.6529593717,170.419767667,22.6486220854,3.13483502935,11.9996623118,2.73395938129,19.6685565129,9.44805528878,25.9166041978,1.01799447057,0.919024859022,10.0073284182,0,9.4707929433,9.72008358671,1.04694792779,1.0147520429,44.1534471866,7.79051805868,0,7.16591536386,0.876110073449,4.88854565948,11.6173429067,7.69233725144,1.85638011992,1.27468533859,0,9.09609317744,39.4982192013,0,3.51219403551,8.35661493044,0,8.1356168988,0,43.800327352,92.954441363,10.9293204022,120.88037429,9.37396474483,2.98299190789,30.7338861116,30.2697439011,0,1.89201933865,3.4877906482],
 [39.2242803907,77.5002607167,10.2563920186,31.627522571,155.662299619,17.3222061056,2.49797506622,12.9629793891,2.91867543981,19.6212708622,9.88397847396,25.407355475,0.957780148917,1.03354513757,10.6601773296,293.432285233,10.6788711517,8.22036543651,0.985072306519,1.04806769965,46.020043497,7.50978053417,17.1970236152,6.25282561833,0,5.0749997313,11.1676331894,7.27732922016,2.30302944548,1.04969276896,0,10.2231574377,0,7.2171674798,3.72080036067,7.65963365321,0,9.18859780363,1.0219662385,42.6657581878,86.0039611842,11.0266828772,87.4677028795,7.45231778608,3.08112155316,30.7171209599,27.6443894504,15.4268941643,2.07920993991,4.51767076089],
 [34.6927415996,89.2852037807,9.4701566511,30.5413784827,162.210978319,19.2055883268,2.89773590331,12.2306567901,3.12954003276,19.7906385918,8.45857855331,27.2795324441,0.865800507428,1.09008054266,10.0193016109,267.187965288,9.50895197271,9.649388741,0.813150303056,1.04724785936,52.3335851363,8.26156030153,24.113373438,5.65806735157,1.05815675616,4.96462351207,10.7836532347,8.01664079823,1.56621840315,1.05693092926,0,0,43.5061073046,6.62518185652,4.02746061386,8.07203595931,0,12.0476057351,0.890999043057,39.1047974756,78.7410844291,11.3332743942,133.637543943,8.64057910765,2.95468744548,26.2078012672,29.8492513783,0,2.32812948694,3.50269215895],
 [39.8845008183,92.8375968866,9.62152147575,32.6701504015,169.145056583,19.2417781257,2.99784995697,12.0983479354,3.1093363828,0,8.80118380126,24.3890326347,1.01652174546,0.967386169139,10.2516403728,327.446665503,10.0455601722,0,1.07124450386,1.13048897082,47.2602260128,6.49715448823,22.7336976875,5.67297080257,1.06231252924,5.43702416963,11.0362256217,8.77485052982,1.94408203655,1.02823654103,0,11.1057164366,42.5586919048,6.12421436349,4.14254141095,8.21694087369,0,9.20029870589,0.981089835431,0,76.6823300048,11.9802435626,108.958115785,7.86154765533,2.852077564,35.3856169958,29.3191126123,0,2.1650940487,4.04737308059],
 [43.1027321184,97.1539299273,9.83365950424,36.1197853938,175.674338497,18.3070390851,2.80263498081,11.4367609272,3.17441002767,17.2377780638,10.3486671203,20.9335293717,0.847538923568,1.05999303095,10.2704415002,277.981236278,12.178186737,6.60666450475,1.07879545575,1.03016467162,45.1191520435,8.12834797593,21.9054507926,5.06288244234,0.920028783785,5.36377427102,9.06445052975,9.66218008026,1.93076535576,0.977178792425,0,10.5018293632,37.1109756443,6.00124225632,4.02905484307,8.05598713972,0,9.20540432187,0.870756207271,40.1874783816,88.3599712839,12.6130653758,116.805762725,7.75421213428,3.21003514708,24.7085687104,33.9758131257,11.8924627031,2.36456203308,4.64910064572],
 [36.0749753014,93.4446253529,9.5471573669,26.2285337634,170.382605235,18.9586282954,3.03872976767,13.783349218,2.8458711011,16.3659528042,8.32737805171,24.3721552573,1.00781736566,0.977152938351,11.619140958,0,10.2469315519,7.25840454043,0.897394113454,0.850593877655,39.7433220934,8.05022862325,23.515992516,4.60087548468,0.912415592439,4.53730122624,10.1562618705,8.78198063694,2.08092842649,1.04983712686,0,10.824584333,36.5435480691,6.30924764016,3.707176201,8.37320415389,0,9.19124773501,0.957633139857,41.3309213522,87.7437269392,10.1438931176,136.433002611,9.46225425635,2.78918589865,35.2866535826,29.3705531741,13.5519904939,1.96080824836,3.79706684272],
 [39.5816350441,85.2752696352,9.88513071707,27.8373601543,156.267495272,20.2869587328,3.06927655979,12.3957817279,3.30653567209,18.3059414917,8.70652738265,25.5331930876,1.00322858057,0.995380637761,10.1961947718,297.168867489,11.0033184171,7.73003845596,1.05678293939,0.948107527029,55.1878405307,9.15032634212,20.7799008194,5.2573453006,0.908421956357,4.67695860825,9.58222552146,8.65782991357,1.98994118279,0.930365721853,0,11.0456908035,40.0852240154,5.76772508681,4.69493518711,8.1861565406,0,7.880452911,1.10316848283,42.2267947253,86.9081887929,13.3402317696,133.981618729,8.31823325906,2.93070355218,31.7729417235,26.5682916657,13.5971818761,2.16718107973,3.97086730452],
 [37.0553934736,91.9017850692,8.64116331667,30.6464004408,185.550778768,20.9713911439,2.9684603339,9.9710209599,2.98847707045,18.67660459,9.28891402913,23.6797693639,1.06607311555,1.03366209879,9.56518562924,0,8.26869343623,9.05121887764,0.907131451375,0.952675237679,44.8574172058,6.51642863511,22.8833707093,4.93095131908,0.909652640924,5.75119750289,10.1704612219,8.25483377509,2.02702073328,1.2098766913,0,10.3164228543,41.3741241909,5.86166693315,4.21612090763,7.84788353243,0,8.78983848375,1.0071539081,35.5075517498,88.1573659189,10.3307475134,133.92478329,7.75725999196,3.11916087846,34.4943041871,29.5570137432,0,2.02203622998,3.65882026335],
 [34.7574693282,82.0291620858,9.09090534366,24.7297148481,168.277660959,19.0972502444,2.72727530029,14.6770620314,2.64722286833,20.0970738996,9.64633441962,26.5348179546,1.15442176132,0.941259614687,8.44638409802,250.659612495,9.41216308628,7.60067429824,0,0.990185656903,46.082578701,6.79793533059,22.7310695923,5.83707238114,1.085523794,5.89160440058,10.0846417229,7.83814661771,1.50817388817,0.877885991936,0,10.1844594846,41.1333916224,0,4.24536846138,7.33147282729,0,10.6438723775,0.877485964293,0,85.1237390917,13.1783951805,119.410261794,7.754134015,3.1883356736,29.2346545321,25.8382602798,13.9759173842,2.08213744303,4.33412936646],
 [39.2189182181,90.2568973573,11.1755618813,30.5091793066,154.677846598,20.6120062547,3.35610640437,10.2535021668,3.15993536296,14.0484368455,9.66964361721,24.9457340526,0.91559366324,0.973514284541,8.431187778,261.355106993,10.3828256152,8.27940897877,0.936725536855,1.17160261659,52.075138078,7.75768314899,20.472364146,6.08823136885,1.07184622021,3.87824304243,10.7717098904,7.99466823766,2.27421257751,0.840884173758,0,9.97109173558,50.8232080171,7.66987202237,4.98689600981,7.70530429276,0,8.53632524871,1.15936209027,38.4204741879,68.6238375754,9.62194008976,107.332026203,7.7909547853,3.23872725073,28.7173900961,28.2964251685,0,1.96332459047,0],
 [42.8006237649,93.2711425488,10.6861363313,22.314506646,159.20583977,20.5595889876,3.2102647584,14.0444271837,3.33315338443,17.2886278947,9.48915509724,23.0672500281,1.05227727446,1.06423517909,9.72579029953,320.719979014,10.0555142522,8.19076631778,0,1.10864994407,48.7309601293,8.82677800734,21.7384958151,6.26781159395,0.955241781374,5.20032234397,10.3649312744,0,1.96096410405,1.08231924644,0,0,39.8031616071,6.05976984738,3.41596388258,6.54292679138,0,9.43105688275,1.08940250077,0,91.3264975441,0,118.649157675,7.75690836682,3.70825792936,34.4344939478,21.8950831099,0,2.04077654982,3.4577224308],
 [0,89.9786061118,8.04749248829,21.8738248859,153.217945359,19.1755949934,2.99225361583,10.208850853,2.44500695769,18.3405976331,11.8383080939,29.2621441236,0.901457324345,0.912079876587,10.7199468778,283.320430305,8.9453466925,8.7673467639,1.01571135625,1.09486722143,47.6382022742,8.58305457319,25.5361035525,6.23474899997,0.998341209688,5.4227746996,9.38359886415,8.93391245833,2.08347917094,0.863001081299,0,10.6291799319,41.1142148503,5.97982536917,4.73650030039,8.27582443997,0,10.1209576198,1.01903797683,41.6085811588,93.891592416,13.1773563015,106.641546599,7.5485306394,2.80832031733,34.4672357923,31.8374628926,12.4276185403,2.00171698228,3.56391296009],
 [0,97.8242022739,9.73510438053,24.0679519625,143.475690726,15.4579321191,3.30152902616,10.8323415077,2.84126726128,19.2504845639,9.2001031123,22.4712897184,0.888519721894,1.09787896581,10.1459997528,273.159770182,0,6.9824789262,1.18364863738,1.14908998553,53.6232710841,8.2866764192,19.9997711615,6.69239263458,0.923783551616,4.99631423118,8.91901327943,6.68227754128,1.81594008472,0.975298349379,0,0,40.6841684252,5.22303319246,0,8.3951107592,0,11.3117119831,1.1820066723,0,100.193245603,10.9829941003,116.345980495,8.15737967096,3.16398725709,33.5012908565,25.0004046891,14.0707773934,0,3.61773090289],
 [0,93.6777866571,9.26287792236,31.3984009945,171.349805582,20.6172681103,3.19613543543,12.4641517284,3.17637211861,18.4918472669,8.04648149833,24.4260470367,0.966654576397,0,8.2302426621,0,10.5608492044,0,0.867054547706,0.838265263023,51.513760247,8.61413898167,20.1188681219,6.01883314564,1.15078699158,4.38659518388,9.03021915409,7.94050699778,2.14226548544,0.911824736971,0,9.24694723839,41.9437615989,0,3.85807299024,8.84722490979,0,9.65816441482,0.96053903654,37.0517391916,77.8499842368,12.5901386902,115.203136672,8.22921602141,3.49738078699,28.5019975622,27.1470143053,10.0449408681,0,3.91879180704],
 [36.2508600344,94.0238123368,10.4926295133,31.299237873,148.83890872,19.40995367,2.75446831444,13.9708016096,3.54537707915,19.9495678973,9.08078869136,23.8441852473,1.20620349661,0.999037794116,10.0023728882,320.464587179,11.0189916866,6.98905574863,1.00624335958,1.0619913528,50.0137811993,8.67544005742,21.6784710561,6.11135451891,1.02176501538,5.87651533636,8.30172414391,7.09053120647,2.01253049284,0.922036199794,0,9.45538483675,37.1832748474,5.59972864177,4.35258976865,8.08213869488,0,0,0,39.1132252544,83.5370920314,12.983003367,107.446083539,6.61951752366,2.91773223124,36.2127740961,29.5778203406,12.0487748133,1.84499888593,4.05950005279],
 [36.0466209328,95.3304316473,0,28.5843970045,168.112104856,19.0911882849,2.58327161701,10.6482588138,3.76603745032,20.0519853477,7.07456844114,0,0.99428205808,1.04776452108,10.0608314612,273.374587004,11.4959073865,5.94908381204,0.79928286933,0.819256819228,54.0102812218,7.54901255892,24.6917111637,5.53600943847,1.03635877632,5.34171093928,9.34425371685,8.77286075973,1.99249027495,0.996246962137,0,12.9364158937,49.3494371796,6.4929074925,4.07716006446,7.2556946528,0,11.1542991912,0.870520366143,35.7038775463,96.7830649638,11.9763542944,120.195009586,9.33722578575,3.02675021608,36.9756543525,32.6189514123,12.7642797991,1.87003690526,4.81291596987],
 [37.7886751932,88.6933582237,9.75817869484,31.0605257385,0,19.9827042983,3.16379701607,11.8683841391,2.68801807221,20.9989380999,9.56144382517,21.8643569418,1.14761089416,1.03267367907,9.47654173137,270.416350501,11.8254878811,7.01042212264,0,1.07734056996,36.5860935828,7.09928281616,24.1490582735,0,0.968366027292,4.96004447667,11.8336917549,7.86893923244,2.029851207,0.976365955692,0,0,44.0778681963,4.7137211277,4.14559803475,7.75995671623,0,9.03568217163,1.11422435751,29.0293281047,82.3597367649,10.6233417527,131.743669675,7.05357869868,2.84808398117,24.0124694884,26.9107653194,0,1.85092636544,0],
 [37.9038090268,108.089249166,9.63256509171,30.3973007801,168.619171344,20.9883827501,3.25617593221,10.6681724295,2.99459149557,18.410275686,9.23928044498,26.9514851918,1.02946881745,1.11534966124,10.4519856821,306.390644019,11.7671845102,8.96584851506,0.975749679508,1.07582611488,51.3718743444,6.60221728821,20.9906855562,6.03654489616,0.875547710479,4.76114165942,9.63068380511,7.99559659877,1.81215990242,0.927047103707,0,9.74058138065,42.4469119762,5.16777012422,3.17076735974,8.97259094856,0,11.0704518425,1.03195537388,45.7936462245,78.7092837787,11.015698508,121.975974192,8.23633424503,3.26252954633,35.4467662279,31.8179133087,0,1.82420685442,4.04041669814],
 [46.7560477997,76.7415381198,10.1105141998,30.3066824618,184.165039384,18.7002525967,3.23899381345,11.0023533445,3.02226725514,15.5239134935,8.49546568045,26.4405322563,1.13593137556,0.979433065812,8.34910042923,311.910496045,10.2683439645,8.40185208435,0.991478558894,0.944347923835,47.9893346002,0,18.7359009903,6.87972384517,0.952259156722,5.24297545224,11.2943263627,7.78805832588,1.46991531939,1.05998173063,0,8.89081243544,40.2533654148,6.87234269797,4.44169298889,7.84017073952,0,9.58989607166,1.08602480426,0,68.7452074977,12.4651646894,128.194306118,7.13966349735,0,29.9967129617,29.106794733,11.8335615462,2.02143536299,3.41177322571],
 [0,96.5219959723,10.0126316599,30.9391758529,149.768070083,16.8658693464,3.1832284194,13.2778261202,2.61122782331,0,9.21513842167,26.1568090624,0.924544156268,1.08656356186,8.82244524848,262.923728783,10.2953041698,7.04779655485,0.98571457761,1.10620886682,45.7749105632,7.90912175387,20.1956959004,5.70570483746,0.987725414081,5.52142118971,9.40815422831,8.64439782333,2.10957158665,1.04202675963,0,0,46.5987338554,6.85368240931,0,7.88410122487,0,9.55269099365,1.04394366661,39.633910204,81.0362309577,12.7058910034,123.359128198,7.94002060495,2.79379579145,29.7985572462,25.5895080851,14.008852977,2.14061450724,3.67020019914],
 [47.4237531393,108.079437677,11.6914089815,31.824263336,157.247082247,17.6084778442,2.89328632806,12.6431956701,2.55654184419,20.9598168363,8.05237594136,24.3393325371,0.934967460367,0.853328557362,10.2247384141,297.558895605,8.7890511487,7.22343455905,1.0376301021,0.826662400782,50.1929307814,8.7924368713,17.711644242,6.04225786572,1.07589427657,6.00446005318,11.4649081883,9.01371651775,1.85753943641,0,0,9.73855022881,46.7367438222,0,0,7.17373910937,0,9.64888144769,0.918621373223,39.3716387774,73.4843634025,12.9274810771,118.459120284,7.64201791328,3.02896735854,31.727274048,26.5065317565,14.6979222869,0,3.73746135785],
 [37.184126974,87.4368162744,9.24735402896,25.0783688379,165.37778209,21.3259752556,3.36390304929,12.3339905292,3.03620296198,17.3270225611,8.46879861748,25.1722361349,0.910200246678,1.11179837981,9.90561779282,0,0,0,0.940919726616,0.96500265206,45.7326352704,8.38366018617,20.1004940288,6.69544123696,1.04285460106,5.49134157106,8.23673294733,8.54148608831,1.80409475544,0.964518217828,0,11.8504438216,42.2872038391,0,0,9.17405501798,0,8.85562617345,0.904911952676,37.2151768137,106.228021439,11.0493014948,117.451067229,7.08861153554,3.12349733018,32.6448909142,29.3394398444,10.9089203312,2.0438831743,0],
 [38.0501459835,102.035556277,9.55777865307,30.1597874391,183.511371586,0,2.98780391115,12.3010444305,3.05825910792,16.9256390219,10.0368221434,22.6959680938,0.976591171607,0.92723411708,10.7206587145,294.505483086,11.0801620983,7.47904402868,0.96914964094,1.03863753124,51.113255305,7.80080354523,22.3433807223,6.4601926039,0.921647313073,5.37724968251,9.35800028463,7.6165463981,0,1.01146688374,0,10.673564318,46.2260363412,5.57955012557,4.17564743586,7.20158117682,0,10.1398519027,1.01353176333,39.2966589113,95.0091368749,11.2850386965,119.150282451,7.79492317002,3.11482446338,32.8476546618,27.7628658301,12.8921638673,2.10905566345,4.35940489835],
 [39.6819711654,106.402391257,8.60212321685,31.8739583196,163.164813137,20.4709417985,3.30903151372,10.4625138167,3.11130720978,20.4584044772,10.2424916802,28.3800729226,0.843842275872,1.03942450891,8.02304748515,336.652971367,9.85921562688,8.99991069306,1.00747145427,0.97866307158,51.9140293514,8.32575099918,0,5.56610714431,1.0441143759,5.89850682506,9.7287353257,9.10536293502,2.33218813836,1.1023933964,0,10.409286307,40.7287549525,6.2936959883,3.76511458454,5.91583408596,0,9.27634195558,0.943968792363,45.5085106693,87.552292709,11.0364650936,115.087676336,7.62733663903,2.46792458664,33.4872700726,30.6348880789,11.9698590301,2.06008909404,4.10650099968],
 [38.6858415454,90.219073362,10.456128922,26.1240779051,155.184213587,20.6673298917,3.11164285781,11.009202966,2.49469389478,19.3879422398,9.09650583277,24.3448781152,1.08770151115,1.08446974806,9.5256591711,249.294851823,11.0941950479,7.42250944147,1.05473820445,0.991135848795,56.6990518971,8.20510093198,20.9090609252,6.32704078386,1.10587060307,5.54254631457,10.3206617065,8.05115787244,1.92151230141,0.864768042674,0,10.4672004699,44.0290691067,5.78280643461,4.34979562815,0,0,9.00950502746,1.09057995519,39.3110923549,81.3356267429,11.8026120953,110.177537808,6.8000216978,2.83429477926,27.8639097502,24.3844753865,12.5396606973,2.03947437804,4.05391071894],
 [47.0393301743,99.2191360574,12.6223899657,23.8359353513,0,17.7818589303,2.19926608692,12.1678409089,3.06752880901,19.4654941811,10.0297312645,26.1927824107,1.0233370844,1.051008277,10.2844571865,263.312467456,0,7.94955908956,1.01463971697,0.957901506108,52.2623159139,7.70770671662,20.6112693938,4.5298153142,0.829012883637,4.87674903046,9.90378733665,8.3994410847,1.7435662102,1.12287181815,0,9.1493080781,36.3222772998,0,3.45612832887,8.90886389205,0,9.83996341778,1.05160111194,40.5803471153,72.1207504849,11.8931738067,129.762198323,7.57079046422,2.96454964416,34.6303024445,26.4084176578,12.0428016322,2.00728585453,4.61857474825],
 [45.3138008226,80.8344408318,8.85968980504,32.0050801516,145.058001826,18.799700525,3.0403213463,12.0607578642,3.29280855594,0,9.12531835864,25.0294614069,1.09775702166,1.12764597289,10.5216992387,281.582784671,10.200145391,6.5489918826,0.932798307771,0.913341276549,56.5331280563,8.82724309057,21.1160460148,4.81709797179,1.03296932751,4.37281652715,10.4997593632,7.66258217045,1.87711444418,1.16203747493,0,8.70432479619,41.216522675,6.87154847703,3.69082779338,9.45989707259,0,9.52793627822,1.20504706706,39.9621283669,84.9285366783,9.88661155875,86.268130095,6.4747497302,3.04120506049,29.2147119589,29.4153471935,13.5915328812,1.99533338124,3.40581203552],
 [42.1684691987,95.3351170399,10.1202991452,30.2899944411,120.929650695,18.557722781,3.66873179786,15.1340297856,2.84035067652,18.7809071018,0,24.9405161428,1.01269357988,0.773400316025,8.75786401549,300.849439405,9.51996745376,0,0.935721020798,1.13219237988,52.3239397817,8.69592036164,21.8117602854,5.77279607274,0.790952536739,5.74602185156,11.2121528943,7.63646075528,1.84139911003,0.907660443774,0,10.4699829053,0,5.16666697396,4.5511850458,0,0,10.9551826505,0.947675830205,44.4546169742,93.4623259018,10.1268229676,120.951655412,7.50258155599,2.70227912037,28.8201877552,27.7680259188,12.998871662,1.79724801415,3.77751480822],
 [39.8340478521,96.5209208841,10.0099261592,25.0260415742,162.105559248,19.2362426401,3.53631741125,13.8247493032,3.05547404526,14.2663674422,8.95147815481,23.7545567158,0.983238177057,1.02885606401,10.0663634421,275.913728322,8.96627075866,8.27734262242,1.06797749154,1.11319674646,50.2445376252,8.33448226424,21.2119756153,6.16963399857,0.892895365347,5.38938146801,8.79261012564,8.60260396135,1.99915650962,1.04083211208,0,10.2674045703,40.2881671975,6.30792600138,4.36311006623,7.76725658801,0,11.1290750957,0,35.0385479829,91.9583109531,11.8642788345,119.246609521,8.23969628322,2.62361708243,32.2135240506,32.0579084933,13.0336150357,1.89844023092,3.61647760634],
 [44.5974278396,87.284182955,9.51764493679,26.0635568358,149.312585993,19.6304044752,3.09462283692,11.5613256113,3.24994425662,0,7.74779952835,23.0695640784,1.02481562322,0.809517757796,9.49236335413,0,11.1233621874,7.71609102013,0.982751781537,0,54.7960230465,7.59594478196,22.1158376091,6.74099169692,0.994737614471,4.47042230905,10.2146114298,5.19339606718,1.71935376981,0.893655292652,0,9.4345913965,45.768378592,5.79837027485,3.8952338139,8.29904915538,0,9.58391373904,1.00585107828,45.7500223386,80.6243350682,12.1673018539,114.779202755,8.748013508,3.56287409387,33.9144074415,32.1163239234,11.1038639784,1.84349139263,0],
 [33.8162071873,92.7302907686,10.9258891805,31.0138338059,140.085519649,22.2042253608,2.6798071536,12.785427849,3.25977003975,0,11.4071668883,20.1254900092,0.985030814045,1.05752571003,9.0437183667,263.677961035,9.35670849297,7.60956013926,0.858036681052,1.01166965973,0,8.36682420552,21.7956095924,5.99597688831,0.994799700567,4.87852525585,10.2109030337,9.24704151066,2.048500364,1.00878088149,0,0,30.3835408693,4.96604983006,3.85129223019,0,0,0,0.935523490254,40.9197848187,79.6964186211,10.8550901798,130.412913152,8.92621463684,0,35.9310289116,27.1690929417,12.4437324492,2.15782436662,4.31467124511],
 [0,85.5235127381,9.18621634212,30.8398399574,126.49758706,16.5984262553,2.62036807,10.3699689308,3.07432626496,15.004848942,7.97220074701,29.9012817264,1.07883744341,0.947411445335,10.2250452462,305.458310639,11.0198106669,8.47104331301,1.07702976838,1.23086017155,53.5742870707,8.171282281,19.636821649,0,0,5.3470198513,11.4568762441,7.91914069854,2.20878195047,1.08213749836,0,8.96430999691,47.1466030411,7.2023285819,3.62151775448,7.86892850183,0,9.39876347304,1.15652105066,34.3121975536,76.0736291425,9.00323319989,136.371769452,7.53601688536,3.01093475774,29.9375797774,24.1747567521,12.0186423442,2.15830118852,0],
 [35.8090682265,106.754703638,0,30.9114835139,171.079908054,20.9664142228,2.98814014034,12.0572830583,2.84065374205,21.7033776873,8.08605753805,24.0288376565,1.13872428042,1.01601674139,10.0102408083,294.593014627,11.5715945523,9.29161926689,0.825458565486,1.05304541711,53.1704838324,7.86337058971,21.633819016,6.41582948512,0.918957515492,5.60744994105,9.98509513247,7.95486918667,2.22744623821,1.19907059872,0,11.3388898711,40.8141480026,6.43133849494,4.0676803198,0,0,9.20014105586,0.924565790829,39.8851382583,91.6320515897,12.0794556674,110.209112175,9.9629233047,2.95871645427,32.0636312823,30.0209606398,0,1.8038325519,3.83189730597],
 [42.6375912088,96.9245867368,8.48433245284,29.684973062,168.561830577,17.8511909232,2.70345418394,11.3307849727,3.23665096421,0,8.56680062627,20.9205644833,1.0784527181,0.882423804666,0,229.658286056,0,0,1.00757842209,0.961192010482,49.1530373513,8.44044060965,17.9469332921,7.40797414264,1.10175185869,0,12.1712345696,7.2726369416,1.91743815128,0,0,0,45.2118617946,6.10820722057,3.79933985921,8.05200149926,0,10.0604997645,0.99722536224,37.2871381338,83.170475243,8.8928018261,125.33318571,8.8028719033,3.02399718939,33.670532174,26.2775515556,13.7839630125,1.93701173762,0],
 [42.7675569017,73.7059876428,11.3140034564,30.7530204049,150.265749542,18.4467360822,2.84474960787,12.7689919888,2.94820333671,0,8.88689736351,23.5782402152,0.944139229186,1.06556820475,8.40495465822,279.801756207,9.11572159529,9.7700969605,1.05808146444,0.986975801946,50.4021069517,8.44047357906,20.8936723885,5.40746039594,1.06470983377,4.93140842881,10.2922607236,8.89484294717,2.35239061872,0.923689082636,0,0,41.5074647391,0,3.98645096492,7.36204328302,0,10.6409692855,0,44.2371635124,87.7485566774,10.304252923,128.121875937,7.80173676909,3.24336163459,34.818119044,25.9628829441,0,2.19583290231,3.51479805522],
 [0,100.191476453,11.9903308546,33.8412609593,0,19.8172469136,2.99922116259,12.6019984872,2.65459313213,16.1658985612,9.11043831765,22.9931984425,0.929532388179,0.792452266822,11.0912476177,0,10.5130349978,0,1.06245173884,0.966389883987,50.6801048485,8.67636445095,22.7419185859,5.10129563766,0.769068133448,5.5370233413,9.4781776236,7.1263001514,2.10973215068,0.855575832301,0,0,49.1360514456,6.62560289849,3.94523362385,6.96914772855,0,9.65897617319,0.883772651432,37.116109213,85.3545134782,12.9289925683,117.768617987,7.56228863178,2.90269500662,31.5687878248,26.2699324574,14.2819667455,1.61628196164,4.61668532415],
 [39.6607870992,90.6725596196,9.18866504008,28.6714291263,159.677610982,19.701442639,3.11051503237,14.4911607958,2.88529183653,14.8775692293,7.88566921614,22.9736511131,1.09197984024,1.03244448303,9.64995831231,324.106027181,10.7636113503,7.80960264648,1.21609751726,0.982170386116,46.9558692684,8.89027564459,0,6.16511786348,1.12253954017,5.18860846824,9.77055695913,8.09003260125,1.86909554323,1.00900817816,0,9.63498849305,41.2850500006,6.98896819359,4.82591832308,8.91201199195,0,9.08437506146,0.952849227182,41.4870556073,70.4265098018,12.0371274117,109.208144971,8.08733570602,3.09675348977,30.5702518033,26.118104033,12.4408996594,1.85510363191,3.49384626392],
 [0,87.2181730237,8.52454805223,26.6702017094,164.490996412,18.2873040842,2.61805684905,13.0363044478,2.2144289664,18.1542130547,10.3242481446,23.0646948919,0.850996627496,1.07102225226,10.2929955115,248.837459323,11.0419467705,8.69427552738,0.872200370837,1.08729694071,49.6199442917,8.49575639929,23.7309041848,5.4653725956,1.07447866096,4.4219847463,10.1319173775,7.31221756387,1.7858318917,1.11277328171,0,8.7392322203,46.255220258,5.50010188,4.15947890674,8.26564980868,0,8.86364680246,0.952529764755,38.4735208977,86.2733522694,11.1612825481,112.237673264,9.30778683985,3.16565610441,33.1281008511,26.022686374,0,0,4.12173471173],
 [41.1803463246,96.6664003484,10.6210444947,25.3698765693,0,20.5982422728,2.97421379291,8.78892378884,3.267633154,0,10.4181404054,26.0050532968,1.02315911593,1.01457669023,10.973097924,303.885763296,0,0,0,0.819253356907,49.816314507,9.08050809464,19.4636587572,6.83449525495,1.07320770047,5.53736823964,7.23326005511,9.04150790642,2.10948010972,0.99648136079,0,9.1408596707,0,5.97177922273,4.15550927645,7.97479236307,0,10.4742625068,0.890792770349,40.3863672387,85.0848530304,10.2736400447,128.285376859,7.39732192122,2.96148187334,26.0164908346,29.3506232395,12.6761692111,2.00586651709,4.41483550421],
 [43.8351709316,96.0704296678,10.9594143207,30.8641452563,143.370167429,22.4885598347,3.68318366405,10.3268459482,3.45892794243,18.4128462147,10.5955067638,22.3653564813,0.950248122993,1.12966263772,10.8421358102,284.395619741,9.65848667237,7.47658959981,0.826697018433,1.03186086257,47.178994585,8.26880856248,19.5846521913,6.48434369126,1.03817627183,5.33690118403,9.71522872063,6.41073475199,1.9723302728,0.972714602895,0,7.93116385715,42.4825630985,7.51245558061,0,0,0,0,1.05604524975,37.5385271347,89.0519757882,9.24683825952,110.725169393,8.46454066559,3.16686403865,0,34.0347479805,12.1754496185,1.94366638837,4.11115028009],
 [40.9118047193,108.339730557,7.70633507102,29.8920502295,158.974638596,21.4188695382,2.70727951317,12.6112511852,3.26515264491,0,9.10488576722,27.7515433063,0.928897546445,0.93927544402,10.8709572436,244.825018441,0,7.67968556647,0.991233080102,1.07595964022,51.7812783294,8.89554673691,17.837395921,5.90525027609,1.03464898732,4.36176487135,8.42308520127,8.12635592113,2.21770138888,1.0368652963,0,0,35.1554847475,0,3.55752196667,0,0,0,0,43.0185882788,94.7670252601,11.1227843561,109.742484793,8.81863449883,3.40934615962,29.548919594,31.6486924016,12.851002318,2.37141313658,4.3454331748],
 [39.8065759807,83.8130648404,9.7711435294,32.0341970976,160.035569568,20.9727456395,3.39041023394,12.2809010601,3.13802107118,17.1778338497,10.7513208588,22.9822321066,1.02732283434,0.895312058828,11.0327759646,305.149755382,11.5726022989,7.93269813395,1.13587502712,0,43.4288743858,7.92767003309,23.1850743126,5.52217243162,1.14784754808,5.72323895122,9.70397010775,7.08477185779,1.97859706496,1.16002425866,0,9.74471364975,40.9779288242,4.83170060139,4.20001470589,8.03353377903,0,9.16797215663,1.05033558049,43.003834871,97.1417392912,9.95653203933,124.527944577,7.59366525136,3.14911325365,32.7361160549,24.85751268,12.5565640461,1.78483614102,3.95233745022],
 [0,83.9937060779,9.64695085737,29.4398820729,135.330763637,21.9813225938,2.22871929263,11.4632198966,3.27221951967,21.0233725041,8.24634459635,21.2347239367,0.941604333498,0.976966518578,10.5171734183,277.381055294,9.52495721804,0,1.02430667703,1.09378733107,45.864440303,7.68964834654,22.3749623408,4.99030195436,1.0152729937,4.5595777938,9.1850477584,7.92037243259,2.10888786417,0.942711698479,0,10.0558722663,43.6203716725,0,0,7.33744155359,0,10.3846273262,1.02686568189,36.938769281,86.0578477122,10.9375907044,100.198558238,7.92012600034,3.27932257477,34.9205346369,30.8725631569,12.2437821487,1.89693436809,3.08388543755],
 [42.1038996111,101.170118331,10.3644450794,30.0961409874,179.251197347,16.3552197117,0,10.1233474625,3.07052646315,0,9.5763814829,27.3748652296,1.11449915849,0.910804448758,9.9655962365,288.492917257,9.41670512014,7.41309121817,0.957424758168,0.71071543941,45.0109286746,8.46813830374,19.5086233765,6.48639972822,0.923833461462,5.06772414723,9.09095830286,8.57262788255,1.91748539483,0.87928371412,0,11.6772945104,0,5.91682165211,0,6.52777130155,0,10.2032461131,0.95175223132,35.2507288081,87.5983187827,10.3739749455,95.0663329694,6.90100161006,2.53173745708,33.2704366681,27.5733499832,11.9053451804,1.87526906501,4.48284266036],
 [40.5408938167,78.0763496313,11.2508633358,33.2984077349,179.615910529,21.853419562,2.75614095601,11.6254692086,2.87970347831,0,9.11227968426,23.9617343174,0.916243145514,0.977121785907,10.5571492394,301.891642954,8.56418762225,8.72012379023,0.881324121743,0.920673335006,58.2420766667,8.9528259208,19.4107081566,5.88754256613,1.01847709114,5.08941823875,0,10.1189826243,1.79698411196,1.1512967869,0,10.4647082633,44.4398694414,0,3.8388221379,8.3885927149,0,9.12034124855,1.0690850699,48.2704399282,91.1511173307,10.857013877,119.75872043,7.30428247545,2.71673825568,31.9970298536,25.9519033414,12.3098400544,2.24086762001,3.69981992611],
 [39.6398520807,101.100575893,11.416566941,25.9523459073,146.165400969,17.9149897983,3.59309750056,13.7002825955,3.34524676686,15.7750669832,11.1245716554,27.3046713563,1.05773999643,1.01305950282,10.6434366117,246.100082478,10.4686193779,8.61980402699,1.03655371772,0.995079213108,50.9161256734,7.95027941211,0,5.7882817545,0.982559609383,5.31873905364,10.8437719378,0,1.72090658431,0.995739064793,0,9.49427209387,38.4031170277,6.02497377835,0,0,0,10.0428234521,1.04192135766,40.8472136139,76.9554951964,12.8671836616,109.987187597,6.58562583071,3.06147763316,32.4959393161,26.740337,12.8411086144,1.65232612245,3.27683179297],
 [39.7688011033,84.8789611055,8.76651917644,33.4276696565,133.033240923,19.2396179427,2.87622252984,12.5527846233,2.96153939626,16.6542103679,7.31895793832,26.5837192416,0.984687605276,1.11405702603,11.5315472909,256.503098347,8.81462399221,8.54963158001,1.08236508584,0.966157566354,57.2885813441,8.02371488484,23.0221368779,5.79203196986,1.04437715828,4.47259928448,11.2980017873,7.70420698628,2.08827903325,1.11963118933,0,10.2658563637,41.6584704026,5.56918683093,4.51865849335,7.99252821805,0,9.94166696898,1.06000991002,29.5396172124,96.3190344526,10.5454064861,120.5129458,7.93218466012,0,30.086912576,30.0051018444,11.5562371894,1.95628581264,3.78241520217],
 [51.1715104923,94.0154327096,9.47088206777,27.4947699534,151.655129993,17.0568975394,3.09193508041,0,2.61337145511,0,8.36037840233,25.6714591571,1.00122111434,0,11.7654196782,264.407769965,8.90630507277,8.82254947787,1.00901419719,0.926626926457,36.7384624,7.80685633873,20.9735089976,6.31027969114,0.920603409483,5.82350925175,10.189062899,8.95819209573,2.03005623002,1.09816257983,0,9.24616318384,46.1932695404,0,3.76905775171,8.36992991571,0,9.50908412734,0.840476786852,39.5823234972,80.2890956069,10.5847298691,118.018115191,7.50191997624,2.96284326886,37.551484601,24.4623699382,12.9761917128,2.08297162048,3.65051120035],
 [40.1068177204,87.0915621635,10.0287740983,28.6873340352,179.835640672,21.2044123915,2.98913040701,11.5230188754,3.41985140408,15.3606256782,8.73872960204,27.2267069864,1.12563713736,1.2130165947,10.5071847444,295.914584744,8.78908575156,7.81412489264,0.937854654915,1.05554574132,44.2609415682,6.96895645444,21.1974009759,6.0765141404,1.01973311832,4.84422988646,10.836989919,9.03281281375,2.14491072229,0,0,10.9332533293,37.8911299701,6.1925743534,4.45263450191,7.89941786842,0,8.75343759116,0,33.5016351133,86.6271796948,10.9468008285,121.645316826,8.7855669286,3.20876983829,30.3513497317,28.0813176926,14.7561592048,2.03435759625,4.57254634253],
 [44.0233081834,79.205920227,10.898602675,22.4148207326,149.540737429,16.4456785242,3.07073411553,12.4333662037,2.80197489179,17.9990208625,8.98606892978,23.3893044478,1.01621068957,1.1279638636,10.5014614942,254.323483681,11.4103806959,0,0.669704195876,1.12934039119,49.590235966,6.94677489366,24.5671851973,6.22751938104,1.0938195669,5.77481703786,10.2982128453,7.69819346591,1.87844365288,0.988939379985,0,10.0150616207,43.006049034,5.55352176939,4.28655712565,7.9829629583,0,9.87428831585,0.92768413692,42.8864693571,77.9957217936,0,133.660236519,8.59021489189,0,28.0753522425,26.58720169,14.8305079518,2.0492884736,3.5690546595],
 [40.8328352882,98.852598112,10.5648621118,34.2185841505,145.014103312,21.0857293759,2.79467497646,11.3994687973,2.98804874941,18.8481617054,8.36808390106,25.1047189665,1.02062692694,0.987984491018,0,295.441141392,9.00031554746,8.9899120847,1.01154845556,0,48.7713979248,0,20.2955505003,5.59852862989,1.04409877346,4.92832414603,10.432859861,9.30256982887,1.89232009658,0.99075610829,0,8.26685344691,43.2459656143,5.64984633634,3.71181464708,8.38421751643,0,10.8357755876,1.17977871963,34.995793917,72.0718725642,12.0621133978,103.140481934,8.25649792428,0,35.5857793544,27.7750291423,12.1034615154,2.16973520515,0],
 [37.9434118629,86.3563349824,0,31.2728971957,193.280223032,0,2.93865003753,13.3210477811,2.96817122466,18.3510974602,6.2819520916,24.158114845,0.906089748916,0.810249116516,10.7733729762,233.30253855,10.0364621854,8.37737681518,1.19064948936,0.960093964099,49.2400301775,8.02591593063,22.2327934969,5.86294473703,1.08852380469,5.19456493426,9.51537661036,8.89081875376,2.06729022352,0.956222722548,0,11.3430737208,44.3002630076,5.67527812625,3.36325821712,8.68390285071,0,10.9767479596,1.03615542324,43.3150708347,95.2617839078,9.59006149611,122.833576671,8.89779858543,2.5944725297,29.7911062067,26.5070359436,14.2670717275,1.94785296765,4.77954708724],
 [42.2369599197,88.382158775,9.13036701659,31.5993908919,149.354295653,21.2998617158,2.96105019375,12.1111635426,2.44189740917,18.4205829009,9.05459510551,21.4189451969,1.10129569843,1.00418262237,0,285.770005563,8.28660617671,8.63031431135,0.982528563806,0.976669957405,56.9493256442,8.80040152317,23.2618617225,5.4142806502,1.1810287811,0,9.40039620899,8.69961269737,2.33239699643,1.04703386115,0,10.9900216106,43.8336812207,6.11049398052,3.80438944161,7.34379681809,0,0,0.986137349381,49.1075552056,81.7235126666,10.1076935651,110.958445013,6.81575763752,2.96158206233,28.1683081748,28.7394626931,12.4555219456,1.92275324722,3.86674994436],
 [0,104.348617174,10.7615217913,26.9495484099,200.447460257,21.3139698152,3.36488370728,11.4392108625,2.84982284716,17.3705588647,7.69893722172,22.6868426104,1.01743509835,0.987256297866,11.0087115449,258.06955565,10.4920388313,8.42001125567,1.11793205719,0.998333723655,52.4462454422,7.8835376514,18.0744037014,6.53121072065,1.07130668438,5.16084817208,10.4278882483,7.22839928692,2.09601140859,1.15653353279,0,9.81238589498,34.4473935612,5.79083245833,4.28463695488,7.14887597769,0,11.6519137812,0,41.2999526443,91.8474107333,11.5430388954,127.372768532,9.06290546641,2.98717047565,32.6541866082,24.9000646276,12.2214526653,2.1457259349,4.29802044691],
 [40.7948432966,87.9206912683,10.5575812692,27.0401859874,0,18.9748171354,2.87838743506,9.54232907287,2.70429854027,17.3862198653,9.79879894822,25.2414045667,0.960408980428,0.919823356702,10.071436856,306.76615867,8.40608738146,7.54710657171,1.01380198734,0,49.4001840674,8.61924632741,20.2419850705,5.44786099864,0.976014300903,5.4821879282,10.1318269914,7.63805949735,2.1416023912,0.989919510767,0,10.9354982433,43.795987586,4.12726734673,3.66297009586,7.80346239077,0,0,1.01727880266,34.8441033691,90.7095331605,8.75491213071,108.774966624,8.2007589291,2.80225294062,30.9492413318,28.5529614608,0,2.13044143629,4.51104080356],
 [48.5448106974,110.454240145,8.81781349864,28.7064356167,178.728307124,21.4816738949,3.46043112358,12.4593386792,2.98539181949,18.3489490381,8.16171957791,24.2111052628,0.962745702082,1.01467758135,9.27072721733,284.920060874,9.51369753083,7.9788340974,0.955434737849,1.01706103079,48.6784148294,7.80887450395,20.5358444091,6.2048875419,1.11782186632,4.08775300758,9.35594461361,7.47316351884,1.93821197017,0.867918687189,0,10.0447581629,44.1907609291,0,3.94496685932,7.95098635341,0,9.37437245312,1.25872258457,42.6631255127,87.3687203763,11.4996193202,103.309812876,8.42964046435,2.83936177832,28.978559908,28.7625789133,12.7431742016,2.15162051655,4.9776950648],
 [43.2882295376,93.2879291628,11.5711679435,32.8274212531,153.347799407,20.8261257588,2.94140132945,10.5511844462,2.88920022768,0,9.24245714085,23.8040323496,0.956127160559,0.786414194894,10.1922839726,276.243584553,9.77535518382,7.31909300402,1.05623980897,0.972465609963,57.7616834721,8.81421861199,17.5087395192,5.8760236752,0.944696573942,4.42989305685,8.59747548901,6.54383909847,2.09192992324,0.853830739345,0,10.6034670281,43.6502935328,0,0,8.17709067274,0,10.3053252761,0.824653868135,41.6514767143,91.2106755829,12.9845972702,98.1742774041,6.69364143047,3.48254753993,29.1751955007,25.8745892506,14.5943225661,1.84536192672,3.83731623793],
 [39.2455824326,95.5906620825,11.2512137295,26.9752280329,148.441827632,19.9347042654,3.33850109752,0,2.94661311099,20.0365096895,10.7562476918,23.4534317326,0.992483948851,1.06421291225,9.13224283478,280.482177265,12.3405124189,7.81530824768,1.0316233543,0.830262833141,47.0008128104,0,21.8905823896,6.32648848981,1.00078466448,4.84967467149,9.10993584701,7.42480794255,2.10823976361,1.0513596215,0,10.8298092409,44.2555074421,6.29176024772,3.94705811602,0,0,9.38476016744,1.0076223647,37.4977759377,87.7895970025,11.1280129634,133.330334464,8.89172887968,3.47222681259,34.7075024455,32.2643146544,11.0102869301,1.94934320308,4.39316025089],
 [40.5091352896,81.1282928985,9.32785283304,33.5698934734,140.39915636,17.9324067373,2.71134958401,12.4866695537,3.2149201411,14.4852933909,8.15623263397,25.3282171206,1.06947309187,1.03918551658,9.19497937804,286.614140172,12.9794812667,8.14248486029,0.98794854239,0.94061764792,46.8271761184,8.41572611665,18.9395779168,6.14953140129,1.05503712316,4.43370739652,10.0600738334,9.22609451112,1.5639804207,0.828474467573,0,9.24064703167,37.9091765864,7.02058084414,0,7.84778152371,0,10.4056895513,0.873318051668,36.1141414074,99.1363460465,12.4138112819,87.938539304,8.13784821151,2.83579839241,28.5980005282,30.5650094037,0,1.91880400565,4.51552647084],
 [0,104.544266778,10.6722131342,29.8982906266,134.120758297,19.4013517591,3.20096806435,12.5942554962,2.9466321336,19.0011456388,6.97824579432,25.1947796972,0.991645235,0.968090841038,9.7190978769,296.07073873,10.8225336783,8.19690300842,0,0.87266650193,50.846204389,6.19431873018,21.1851494316,6.69338025879,1.1554907366,5.29335555703,10.4523661145,7.66951187249,2.2877059766,1.04493956022,0,11.4815882129,43.8308570037,0,3.82510528497,8.50979607031,0,9.71933440208,1.04447350029,31.0595927882,84.6142080373,10.9259204662,104.144144712,7.68427205769,2.6696921177,35.3736045246,28.0046944388,13.5661728481,2.06509474152,0],
 [0,88.1380346334,8.75586927203,28.794659631,152.517280265,21.5962354814,2.5895830976,12.5806287659,3.21579153787,17.0893598192,8.38284601946,26.497013937,0.937914937763,1.18127727961,12.111245894,322.375675975,10.0130392531,8.62800266166,1.15765108136,1.03296884256,39.0462900308,8.11472392299,0,5.47826602554,1.0969840073,5.31486522629,10.8603769979,7.30693899926,2.03767718077,0.950154448525,0,9.89744654621,41.2918966696,6.38507348331,4.03817434857,9.0739209427,0,9.8271031905,1.20330941465,46.1929261325,89.8299079649,12.8668507271,120.720987254,7.13243750107,2.91181534416,34.1578410499,28.2821393284,13.7771300066,1.7874650112,4.62885627771],
 [41.9038071071,90.3700117755,10.1852695676,32.2614305615,152.308284886,25.2219089869,2.87752456804,14.7880125971,2.53872711675,0,8.8036463395,20.5882971889,0.994164712929,0.896801971825,9.78303657795,294.037156143,0,0,0.94240126379,1.0462558531,43.4153469605,7.09186613101,18.1074317852,5.59059153075,1.0906917501,4.11994127934,11.1555552967,7.74838542931,1.84580777254,1.01469218844,0,0,48.2965787601,5.18830577729,3.7936202799,7.57385170519,0,8.7827693105,0.974437490283,43.0503307991,93.1420253916,11.5885173289,128.516892894,8.04603134012,2.56301004651,30.023391922,31.1913207532,0,2.16503102721,3.8094463037],
 [37.9769882699,82.0645882268,11.1069441469,30.3457280326,154.662664858,20.4318441316,2.78500371977,13.8988684495,2.73931854456,18.0993396957,8.7857903802,21.4773593261,0.91367767311,1.03101183455,9.51527251974,314.827947739,10.4568270296,0,1.00408234102,0.846739723046,52.0919754284,9.30925466637,16.9897097168,6.54767201171,1.09296819313,4.32419226661,9.8203162085,6.49707925055,1.5762634387,0.886979071664,0,10.8512969641,38.9260000231,6.42399933702,4.51803307405,9.23394520776,0,10.0623457921,1.06177489868,44.8655346499,87.8148976298,11.3624711595,115.488686824,8.45053127245,2.85243977318,31.4108659684,31.5921076357,11.0672373679,1.77415233326,3.58720795565],
 [36.7316513572,109.282748107,12.1119319056,26.1136062071,180.801296122,15.165503389,3.39819691915,11.2187801401,2.96268807283,14.897812062,9.32601422166,22.3284682645,0.852867635666,1.04563520594,8.36861047494,250.873197033,9.62659843196,9.47721207268,1.05292838331,1.00263574842,44.2726024587,6.82589208362,20.6308224593,6.45203067756,1.1566050397,4.45642130519,8.90260530249,7.83705934209,1.88570504383,0.893282637145,0,0,39.2490890888,5.83393765516,3.68243287685,7.9353215143,0,9.13513273969,0.979204270328,40.3371715429,93.6455256975,11.2460221324,112.493719043,6.54590861263,2.86680475512,29.894512569,29.1978443149,13.1745538183,2.16675681776,3.69170658356],
 [0,85.9322281622,8.55162737906,31.8768102203,159.463528204,17.935072958,2.89683351253,12.8087860205,3.30931884651,0,7.58181209448,0,1.1014236419,1.07411820208,9.44126781503,281.10098692,10.4296779967,8.72956309134,0.897999729334,0.939927620682,56.2095210306,8.89416880594,19.9451970782,6.01431909996,1.05408118483,5.50527450244,10.4279887489,8.49660150318,1.99629938027,0.940681646871,0,10.6765966353,49.164571725,5.06382428707,4.39606099602,8.00022973293,0,0,0.932158648358,38.2941020592,78.3702902243,10.544158457,97.0344428188,8.18630847797,2.73554292899,31.3257205869,31.4273921825,12.2421936575,2.09050300565,4.75320208805],
 [39.2107452989,75.7736720002,11.2883754626,25.4087239863,175.955830709,23.5461331405,2.86333758432,12.4867610285,3.22432983255,17.2946441481,9.47522701362,25.5375044384,0.891862523602,1.09449765834,10.6651932218,321.053504504,8.12758136707,9.49579896515,1.04950375587,0.927365457153,43.1337081048,8.38714506224,21.5249189157,5.87188270376,1.01275410061,5.1323912835,9.66597966176,8.02997516602,1.77762641127,1.02369348419,0,0,41.5393820691,5.41726207597,0,7.89776056628,0,10.4039332757,0,41.3463737932,81.5271371302,9.52413649331,104.196097021,8.8204677278,3.15398912688,30.4909521761,28.8908027648,13.7809125903,2.00198830624,3.6340982773],
 [0,106.843807867,8.71835474398,27.4770892419,144.942711072,23.5108696779,3.17596182616,10.2035837178,2.89443073549,18.3476019485,10.6825316152,24.4045761058,0.832929780584,0.9354084317,10.8665501989,280.854491304,10.9449253869,7.03119395073,0.972407658822,1.02438227717,48.8744709091,8.0450763952,20.2377044665,5.13516072066,0.888739435463,4.99835848753,10.3229019729,8.2390873116,2.05824911932,0.906638229553,0,11.7083719011,37.0295340931,6.04342099605,0,8.71613806124,0,9.90202489809,0.989151311086,35.2762287391,91.9347193646,11.8694136009,122.690954643,7.10312629634,2.64831902911,29.4046405627,31.7594460378,12.3426242864,1.40656655435,3.67254390549],
 [38.4975453767,90.9522459704,9.12853637742,25.1127345496,157.662772625,23.2580444423,3.27860520787,12.8253195877,3.27761255536,18.3904607845,10.1131967713,28.4389751466,0.859317176388,0,11.5236890653,320.107582402,11.6136883407,7.52461020843,1.04148012178,0.807699846845,45.2976715824,8.59825919449,19.4741119921,6.86069987525,0.90796303441,5.02627831041,8.59503747801,8.7915773411,2.0424298568,0.798148505035,0,11.5870289643,46.5247816491,0,4.46080212834,8.30982803278,0,9.17298506467,1.02737639533,39.4509981621,92.801587094,12.3403445575,119.511459288,6.33841418339,2.72877303397,31.7358721663,29.0428570169,12.621955774,1.96415961327,4.81972680139],
 [50.4369972075,99.5855848872,10.4953944365,26.9754138703,163.270244919,17.7055850319,3.09702713816,10.1498039791,3.23072925508,16.8571029021,11.3273741927,20.446591239,0.871936078937,0.96476630475,9.30011309875,318.575994144,11.2191537612,7.06055213622,0,0.91847670233,47.7176432212,8.66798145073,0,5.66109182132,1.1797351092,4.57029271625,8.47379503594,9.57998469829,1.81745042182,1.00820112749,0,0,0,0,4.1620888429,7.36168300766,0,10.5419659642,0.971102837045,41.8869690977,77.5828890778,9.98994562769,125.522483565,8.38748039334,2.88407628239,28.1514011349,28.5244252185,14.5964548129,1.75200596478,0],
 [37.6187142112,78.9467497329,9.21966863451,28.8489724292,193.096509257,21.8906805948,2.72963475981,12.3243863199,3.2248621888,17.6720032192,8.97397671969,24.1473631123,0.684195751237,1.02587588503,10.0695567008,283.155419653,10.2063516416,7.08423170589,1.00462363922,0.91132570016,53.7180274754,9.340587812,22.6466032933,4.88613580865,0.990347627553,4.94903593464,9.73017772527,0,1.87129970895,0.806207556792,0,9.8172369094,36.0122377542,6.027202847,3.79149793751,0,0,10.6001988717,1.05633134706,44.3941150578,91.486213091,11.2296928212,116.584520625,8.81339471478,2.99305600792,35.6848557604,23.2434679602,0,2.22577376699,3.78875010949],
 [0,99.0912490506,11.3124149469,34.1741998462,159.278622896,22.1447981418,3.07915908299,9.82578639228,2.55590840563,0,9.09564551709,25.7442965787,1.01875442015,0.973441079911,9.42632440014,0,11.3943129757,0,1.07034289146,1.06164166117,39.3404335966,6.72905597188,0,5.83777592731,1.01237305045,4.67712596874,10.3069530244,9.16698189419,1.92468286498,1.03312954139,0,10.1983312911,41.4077862746,5.91242989038,3.91066869467,8.95752272132,0,9.98659092608,1.08112673144,0,95.7528755125,12.8571052279,134.992380463,8.42633290176,3.2607033088,32.3536327264,25.7673294719,14.027969546,1.96663962091,4.45459307588],
 [0,88.9080168113,11.693165135,31.4990742495,146.520138362,20.8753131988,3.50769988005,11.8035538961,2.61339679833,18.6023850126,9.30539073786,23.5429325783,1.01092652492,1.08116149822,8.78772709363,318.748934407,10.2783244464,8.39262658195,0.924283308973,0.984980909175,48.980649878,7.81753839807,19.3607214607,6.20500865877,0.932184426559,5.44191179476,9.37921984994,7.56254325274,1.8390851749,0.978914594416,0,9.58827370634,38.5763345172,6.58532510407,3.84674864461,7.87922288318,0,9.98639753431,1.03709120178,39.6219873787,86.7397369619,11.8657880694,112.788963422,5.67318999476,3.39472916774,35.6929418103,31.1595494079,12.7142838767,1.8696411233,4.17846042167],
 [42.1286005134,90.4130866586,11.9143982949,30.9208808187,153.527470098,21.2938068025,3.18711230722,12.5090641594,3.17030232887,0,8.39357977094,24.2614112796,0.932796236688,0.957015581598,10.840224517,249.942133367,9.75402373592,7.03562029166,0.832702021015,0.950268156494,50.2777736199,7.6535367436,20.2839313457,7.05385693311,1.00188439525,5.2113371895,9.65342934543,7.62536015812,1.97834927828,0.900187950285,0,0,36.7163187943,6.20040705008,4.38923040509,7.85609712698,0,0,1.12384279514,38.5034852465,82.2242378499,10.7646223554,116.380086543,8.07782993124,3.19244012377,31.1513660984,24.9736305686,11.302413449,2.03835158444,4.23228574871],
 [42.2252673421,82.804574908,9.56473948612,29.9546410652,162.438611177,20.1164938621,2.87100951943,13.9758925037,3.09384113078,0,9.00963267349,24.1314295106,1.23621309131,0.97434421148,9.30738483905,264.756905504,9.59785926368,7.45603284289,0.913841717376,1.13248396054,47.5390812317,8.13352955164,21.1154243772,6.44267674209,1.06275537282,5.14150146353,10.4829907574,9.14583907827,2.15554943668,0.91953379654,0,10.2480476965,45.548179036,6.12107777226,4.25862875589,7.70935643243,0,12.3624015008,0.912335123441,35.6139841682,84.4322429382,12.3481814617,112.866435293,7.34729553339,3.06793429521,28.9171427713,28.9023240343,14.5927379245,1.85474211477,3.44403660073],
 [46.3601438012,82.9240582252,11.8793153596,30.3308285918,168.655404358,20.1555974386,3.14219010709,12.5899143552,3.17343508781,17.5964732749,7.67618640993,23.9278953833,1.04596288199,0.919502611162,9.17563923021,275.892891275,8.65115746622,8.80033278283,0.989644938446,1.03634389921,50.1844493109,7.23949065956,22.0362851189,6.40609215276,0.998435704633,5.67009850989,8.81344642106,7.35479101554,1.89925162809,0.885634690491,0,8.88870585991,40.9310553527,5.86499774858,4.14751687424,8.51364255489,0,9.7113508749,0,42.2865856771,97.180830022,11.110084179,132.396469514,7.97133142949,3.30781877576,29.2695049304,25.2812863922,0,1.99144711522,3.45477874853],
 [0,84.4967416843,9.2425701723,30.0554468036,154.4733899,20.7467577155,3.07609065453,9.7843458059,2.81867786156,16.6164140294,9.83196561844,20.0573785609,0.887251303983,0.968088254989,8.85059796275,237.867824995,11.3003610854,9.17114512618,0.973548513904,0,41.0760444291,8.21929061749,0,5.74053713869,1.01273970736,4.49495706342,11.5883162851,6.82039920084,2.2336063494,0.94236057269,0,10.638050698,32.7152360367,5.22357713668,0,0,0,10.5630583688,1.04755461229,43.2476950365,87.0633676518,10.1406187796,108.241007988,8.33326455282,0,32.8897184258,28.0535176695,0,1.8001646171,4.35051369733],
 [34.8621886668,87.3426143425,10.1214535144,32.776835753,146.394911753,21.70171316,2.59683224138,13.0945958476,3.07264788864,15.1309863343,8.73333869277,25.8791395018,0.98710565803,1.00251482874,8.26824640633,285.338922773,8.77246992451,0,1.10244080695,1.00505506809,48.6215448761,7.32117630448,20.903189376,5.99576621576,1.03277470993,4.51431496801,11.1530008682,8.01129415674,2.05032726549,1.26551707043,0,9.58265481851,0,5.48714492282,4.06452890378,6.8306025631,0,9.94871443453,0.990816007191,40.4179044432,86.5808078914,10.8191933917,104.413170812,7.66537947677,3.45335961104,32.4971877196,30.4468412656,14.0370141313,1.70122712222,3.90957889877],
 [0,85.1750125356,9.47952574723,28.167177756,147.993491506,23.5110586866,3.08106373007,10.6002480328,3.36775693886,0,8.29093252654,28.395897628,0.798886946785,0.893983426395,9.16035939032,337.24266664,10.6997484525,8.10824651209,1.24754430589,0.914663078946,44.8510103316,7.75480618502,17.601749659,6.55339071636,1.08045577709,4.39911122942,10.1551649849,6.75100796584,1.75232641618,0.885902074729,0,9.66556427791,0,5.14222674646,3.63512017393,7.62439715334,0,0,1.02449272942,37.0685224043,79.8833501106,11.7359669377,116.694149681,8.62851307738,2.18254963758,34.2710031501,25.9209931331,12.0308911835,2.17174146865,3.96092056041]]
