[560,1125,300,620,2100,431,68,328,47,122,322,196,41,25,425,4260,416,115,82,22,631,132,420,86,42,103,215,81,91,26,49,420,316,72,71,49,108,116,90,738,1811,430,3060,215,58,296,620,418,47,81]
[800]
[[46.6221009063,89.5854864335,10.1826381941,31.4591419791,194.988334313,20.8529225559,3.07010207809,11.9822979378,3.25499994924,19.7567795951,9.50580429526,24.8160841268,0.951749008036,1.0715079351,8.18628355878,276.876026274,0,7.51248040423,0.80124082902,1.04184776631,44.7386334824,8.16774076349,22.0391101991,6.43361361712,0.984671036005,4.12265690275,9.13186880803,8.64191170802,1.98071593667,0.747229199081,0,8.417130678,43.3437788618,0,4.20646127511,9.03819236283,0,9.12550765932,0.875438524361,42.598142629,84.6917386386,11.4971305599,110.070263348,8.60835201626,3.03399766647,30.9307384639,32.6142229355,11.1624176492,2.1240795052,3.68005813992],
 [0,82.1886212967,9.59638480722,25.6561671479,166.049547353,23.6311190655,3.37801005413,11.3407173312,3.07546830756,17.5576240778,8.85099522146,25.1926800248,0.954703326374,1.05509060593,10.4630920067,262.052507232,8.17093299923,8.64362239189,1.01919131735,0.91204927973,48.4253249646,8.89834028996,21.9914368809,6.29683508585,0.831811273985,5.15900324348,9.30511894708,7.59844969809,1.83020656532,0.952068959042,0,10.1779963771,43.307631323,5.00487631791,4.75096168363,8.03088277649,0,8.39287067609,0.917198790088,35.0252139252,85.5757656338,11.0559032296,144.637322481,8.99220690985,2.93021119576,31.4950284481,25.4596228147,14.4145823726,2.26533397115,4.23201295673],
 [42.3712492047,80.6459301949,11.5267756989,29.8088477648,162.604051809,19.4020063426,3.0066965026,11.6382375391,2.95668882114,0,7.91433984282,23.5578687629,0.984239262593,0.994184486297,9.94101829762,325.525039278,0,8.93495927691,1.02443358618,1.00860213914,53.0541972019,0,25.1138217987,6.33301600067,0.993070297911,5.65032442825,9.52843702821,7.66010499087,2.09256015029,1.15275433832,0,9.86884560846,49.3356647697,6.16828077456,4.11484075039,6.23086618974,0,9.87234732776,0.997905152015,41.6993135821,73.1561395211,11.3697384263,135.930726485,7.2871698547,2.44859304905,33.5963472702,27.7115258072,0,1.94690062083,3.93206163703],
 [47.5239232312,91.7810098429,10.9774842475,30.3021725107,177.542609049,17.8737209466,2.75863100393,13.5614586164,2.50429595754,14.7932525419,9.22251011428,25.6190208456,0.974011220821,1.12170686528,9.50094357802,290.375450093,8.60628517134,0,0.964172591715,0,56.1617608428,7.529106844,21.5136260188,0,0.927611607486,4.75992973144,9.98144851395,7.85632363821,1.85420791173,1.09725380164,0,10.2868572629,38.4606134414,0,4.78400601295,0,0,11.443903228,0.914879541452,40.9917914619,88.4521564493,9.93784771157,126.741932075,9.45593358511,3.01069128946,31.4199292793,28.9339140977,12.9581032457,1.91593045331,4.31459588646],
 [36.9452072436,89.9276293942,9.54476725086,30.2556295121,168.925515277,17.9753003038,3.13214282404,10.8434687859,3.1322140794,17.7183248955,8.72351740244,23.9817549417,0.950870677969,0.883480692848,11.2723280035,217.351334409,9.6499529786,0,1.01092576586,1.08814875455,49.5147959882,6.23163751616,22.5624898805,5.74525583419,0.918311541727,5.25816224702,10.6637840725,6.49303343567,2.1333766013,0.982412082136,0,9.46942439668,46.5677261372,6.63536160534,3.95534308019,7.43861866888,0,9.9942299757,1.20657765741,33.5837539846,89.8643530951,9.91321170404,105.445703267,7.22375515145,3.14116161036,36.9475563397,32.384928919,12.8364611071,2.24529009338,3.88061871828],
 [41.6710142762,77.9963566539,10.937761681,31.3900104987,179.977049493,20.3678837836,3.03533226745,10.9435442464,2.53632822838,21.04067652,9.90482191337,0,1.04648469804,1.01929711011,9.10960264952,273.690400738,9.74673126594,8.3388594922,0.952304674952,0.973888127113,41.8517529953,8.51900201507,22.7077202229,6.1337273802,1.08916327959,5.28525960063,8.78147680004,7.2304310504,2.03346794595,0.953648138611,0,9.91257545983,43.5916712794,6.59937474411,4.1041158321,8.23483647282,0,10.6721240683,1.13023717947,37.2534762733,74.1318869846,9.46052181798,124.449840625,7.66783525203,2.96533190687,32.1751287037,26.6505864979,0,2.42169376929,3.69518975263],
 [40.3459188279,83.25429278,10.129109453,28.7432164929,170.341042794,21.7706625671,3.50237543066,15.5690926562,3.03351338812,16.0602951896,9.19882323239,21.5309316216,1.01736789539,0.783938792643,8.75091083425,273.736325674,9.26894694265,7.49528061979,1.15368636331,1.01299297955,52.2571801796,8.67988504376,19.3977177557,5.51628122184,1.00249059496,4.82372502248,11.4754903236,7.90352304152,2.12019540048,1.13173366493,0,12.3512340073,45.9523307931,6.72215878986,4.11875898494,6.78835147817,0,8.9778301003,1.00332747102,33.3006138246,74.599880525,10.7344526803,127.393743148,7.09827934324,3.32209567126,30.2891499464,27.2560320508,0,2.08395386544,4.47185374643],
 [0,87.7130126191,8.9389230429,33.2304630503,157.08810028,23.8730869925,2.94073455516,10.0583081834,2.58939884664,0,7.88747915031,24.1242626222,1.0361766609,0.965323847319,11.5186978859,311.872478349,10.9178210556,8.42462125697,0.880591319499,0,53.1113958855,9.29974754974,21.3071173222,6.41490312556,0.985963048928,4.47063710622,9.38019446798,7.08590235993,1.93560959106,1.00353553643,0,8.53779881365,37.2729145342,6.0173977154,5.04262543284,9.21366846261,0,10.2008467251,0.825811121874,45.9251070643,99.0650654174,0,104.100395011,7.26804673464,3.34460817834,32.4437069687,28.668588356,12.8563764317,1.86011103582,4.87838363978],
 [34.2480714048,91.6152168844,12.0541647991,29.6168494394,177.273585483,20.296277757,3.08006685166,11.4516896947,3.26058750035,18.9785825383,10.0042982346,27.6332852579,1.02156128853,0.88312645614,9.78614092595,283.177591909,10.3009029439,7.98790749164,1.25615137334,0.986843289622,57.7425434134,8.95030498981,0,6.00596481907,1.128946656,4.58594419992,8.83112066049,0,2.03137295968,0.873336706657,0,9.34583860104,39.8974004814,4.87344340399,0,8.08126243477,0,9.26978887539,1.22513056033,46.8411811836,79.1249027078,8.95612825056,133.181082939,8.89313332856,3.90943644812,29.734245382,23.8534007771,13.1269592098,1.89255251014,4.01728649564],
 [43.8883209514,81.9931933532,11.3638075079,29.4703126006,144.944606706,22.4781243272,3.8999466514,13.3931447302,2.84002540847,20.0375386152,9.67345342878,30.0296272902,0.999111126392,0.993922038968,10.2867764059,264.459533917,10.9530093679,0,0.960204353571,1.00682087,55.6218631574,6.5813012386,24.4362582443,6.47969749976,0.954905442807,5.13739049466,8.78303468554,8.31622868907,1.89570584363,1.0850918987,0,9.64165472236,0,5.8870143359,4.48813675179,7.25623606868,0,0,0.980151143707,37.898725355,84.670531846,10.7820834397,122.890065692,6.55828298938,2.87431943468,31.3595457748,27.2308825257,11.9014130622,0,4.15469844369],
 [37.7835286917,99.5750710612,12.6332293486,28.8688487235,159.60501695,22.9620980072,2.59328467078,9.01511554553,0,18.7286121348,8.87312486574,24.2170437208,1.11756015462,0.929745456093,10.0452342899,283.635704801,9.30490306587,6.71784835421,1.06305418343,1.0674840835,54.2163856137,8.33212121804,19.7468992383,6.04674433129,0.987458212695,5.04572286031,10.3348759069,8.11975104594,1.93177983671,1.05991606449,0,10.9650768091,41.3839988102,0,3.9565676514,9.09854278842,0,11.0071667205,0,44.3068099679,84.5037514548,12.1806095501,127.500690791,7.13153032243,3.58763901312,30.1280750427,26.1028977775,0,1.74474744606,3.60957325845],
 [43.9057385792,87.8682882103,10.5893855219,33.109757002,137.128311235,17.8236589433,3.06076570206,11.9735489684,3.10913160713,0,7.92239290022,26.879593565,0.854402134809,0.966498969134,0,337.654778606,11.3208592073,7.04281323534,0.943043908565,0.963329500124,63.132741582,8.2767435739,16.9487933734,0,0.882725180977,5.169835778,11.6233805263,6.87343921606,2.04358193637,0.896612865643,0,11.5288389821,37.3493913371,5.98252110098,0,0,0,10.6736913204,0.961450946399,32.315722319,93.4613767075,12.7328708298,108.066652946,7.32837885323,2.73785622454,32.7329537993,27.7712327684,15.1717753254,2.05114731928,3.80511295358],
 [45.7400146393,85.5103976031,9.7041179681,27.2590271165,159.086623626,17.3581048507,2.59587629446,11.9648087434,2.75118094192,16.154495801,8.68369131861,26.8716710404,1.10733849059,0.826405498053,7.57838771335,262.578111761,0,7.35161236373,1.00053111748,1.00203484957,44.0415042295,8.37685517743,0,6.16052316346,0.992255352675,5.69045219479,10.1886410353,8.39911317008,1.9394772624,0.924871986795,0,9.4781022165,48.6436068033,6.70421686176,2.98758165249,8.11796599944,0,11.1839456581,1.15897432528,39.0208669414,88.5649007388,10.612061312,130.699791834,7.99923278926,3.16852372837,32.4717471868,25.4448219094,11.1835265753,2.2214259439,3.77956356532],
 [40.2499616094,96.1372906154,11.656519218,30.7559923569,153.907319133,18.7222405446,3.10260490698,13.0883302535,2.89833064438,21.2173932781,9.48390642041,27.633605968,0.917313808048,0.951737179018,9.36774291289,252.24752475,10.219379654,8.56721514201,0,0.981715915262,49.2692386571,7.99230081211,22.1923973496,0,1.12277708896,4.83188192591,7.83304162149,8.95685527492,2.22339029275,1.04529831594,0,9.97025995596,40.1467008674,5.26077528065,4.090435495,9.74887235744,0,10.6268853075,1.18291712958,38.3746669569,67.4988454713,12.1602469667,106.841835839,7.62624417926,2.64655115547,28.4359945636,26.4222843446,12.8162041217,2.24752861726,3.62368727775],
 [34.358242175,84.0686527212,8.94302536352,28.1966572224,185.772283451,19.6591626671,2.73928962119,12.3120223427,2.06163642486,21.7221315007,9.82192158858,27.9709984076,0.78747078598,0.983622868886,9.52337316236,278.097253428,9.94728870079,7.38403449556,1.2770945096,1.14130638412,48.0191324057,8.24241914135,24.5652831397,5.96075119186,0.854231780064,5.37508565875,9.44786778687,7.01436844059,1.90499938977,1.10371057564,0,9.52571744216,40.5786465252,6.65179134845,3.59869423647,7.49045373083,0,10.058041962,1.02160869256,46.5394785317,92.5066169791,13.440323748,103.687373972,8.87564031513,3.07886305203,32.2195343389,29.0094745909,12.9636465198,2.13505575132,3.61211315281],
 [38.2675715959,109.476791424,10.4898308852,30.8111019296,171.21012756,20.5075362222,2.85474018619,11.2629541121,2.70512197928,20.103544144,8.01728381121,0,0.797268637684,1.02930811673,11.5231770913,293.836233056,0,8.00662465445,0.952545429456,1.1134048648,48.5378322348,8.58833414997,24.7778005859,6.45658200486,0.944398993909,4.68365548038,11.6146668791,7.28813693091,2.12820250043,0.979439226739,0,7.93328556069,44.5813536775,5.98699561112,4.17415384821,9.0384293369,0,9.8937621907,1.05880788386,39.7616050635,78.3708684422,12.9194139493,122.489140273,7.0440000245,2.79918270315,31.8934635682,30.8948066346,14.4195493438,1.89715110582,4.24584751064],
 [43.765655413,93.9312581541,10.4723591898,28.9261237985,137.295519684,17.2170955694,2.52894389926,11.8318330107,2.93985458242,19.0822039959,10.1490785607,23.4555271538,1.042741511,0.974116973929,10.7669329754,316.703199056,9.15459494426,7.76179344655,1.06277931181,0.998944361319,51.0873925351,8.76090221813,16.7490009405,6.60432255027,0.938250800898,5.09455267332,10.7807090171,8.4570063165,2.06870550311,1.068842423,0,11.7146412367,45.287277817,5.59957030461,3.79188053702,7.23029251023,0,10.3336416361,1.12330420493,41.4941376612,72.7717323744,11.1841712554,113.625900346,7.62842420392,2.78155535403,30.1017039443,25.3519380845,0,1.93269488662,4.29037103622],
 [0,95.2809356376,10.3985525701,30.8296675089,166.166720951,20.2674121079,2.70745847371,13.5942853488,3.04480598615,19.248661862,9.07629172286,22.9649727656,0.870980946129,0.981263945188,9.60217506777,267.547838603,10.8962639373,0,0.990057620758,1.01195875474,48.321947556,7.74451911741,21.0170557298,4.8503613212,0.872947238075,4.74201191118,10.3804134542,8.35213972164,2.21098219496,0.83230380589,0,7.97692636327,42.455223478,4.81235877439,3.32243212592,7.1832027106,0,9.15954265672,0.945606532947,40.0599787575,96.335072079,12.3162260893,118.656482841,7.85751187888,3.24499875855,35.8873261264,26.81472448,14.42666366,2.06034347641,3.33200726922],
 [39.2891403519,92.560743489,10.4057477705,32.3633306391,161.914811652,21.0138722083,2.7667635381,12.9860498276,2.96494175993,0,8.53254996044,27.8261579046,1.05501141251,1.16333455249,10.0211171523,305.527110301,10.8176001964,6.95034266596,1.00906989679,1.04512621113,44.454773584,7.35487196921,21.1340918222,6.21749192792,0.949213213966,4.99614728775,9.79331544442,8.36798052121,2.40041257176,1.0980419931,0,10.3889839309,41.1066907744,5.70037138323,4.20164415825,0,0,9.79791405356,0,38.5310723426,101.726179731,10.7581118143,128.505708046,8.03090554342,2.90667968848,30.1015717258,23.3651069562,11.9515953152,2.26265933526,4.66209340114],
 [37.1294188302,82.1755858787,9.9002267367,32.0915157927,157.323575923,18.8090708435,3.15015334385,14.2036239161,2.96929534201,0,9.42686354454,25.0771794054,1.00632468629,0.826410772919,11.2123936549,0,10.4091014322,6.86818644362,0.910363024317,0,48.6645161172,7.11892564921,22.2919153565,6.01025285611,0.995231891052,5.55690783739,10.7632620105,7.84240405092,1.80646520515,1.18527860083,0,10.8358215515,36.7166241314,5.0569259597,4.4142619307,7.52698882272,0,9.80383183948,1.0181620892,38.6202056307,87.3938611593,10.6984061739,0,0,3.19206137226,27.5972996506,25.6587296032,14.3550603687,1.68369049262,3.24268148136],
 [42.0030745489,96.6936908663,9.19885642107,29.7536180676,145.454666987,21.500662738,3.23885170112,14.8497958429,2.76278870792,0,9.90979087782,28.3090972047,1.2594145997,1.01329772235,9.53806068358,276.01728615,0,0,0.94343127179,1.05057060353,48.7051842838,8.25094232039,0,6.97843885456,1.18984795604,5.12913150017,10.1977668066,8.78890633344,1.81290823044,0.895399848397,0,10.5600795662,42.2396487193,6.15476354017,4.04266520547,7.55637937884,0,10.0959726313,0.984282967018,43.2021382204,90.5357468088,10.2376261868,134.018168931,8.6420816406,2.87753434968,34.7138452492,29.0392703463,0,2.25971218466,3.93075618447],
 [38.5391715645,98.759379957,8.67733511476,33.9214053186,137.323088007,20.8282442144,3.34442917344,12.3957627953,3.01993276837,15.8309208821,10.1847439443,27.1741671337,1.14176043628,1.05430950091,11.0436186097,277.262707762,11.2699470021,8.0989815329,0.810599836231,0.769226200461,55.0596154739,8.035675036,19.9500198975,5.87274448507,1.06570859619,4.61304457918,10.4843576937,7.04160727236,2.21463115917,0.84954033913,0,0,37.1161781787,5.8083480916,3.47689248406,0,0,0,1.02609446949,36.9269713544,79.4669578126,10.0243717111,106.328678194,7.63438691947,3.28913798356,32.3392621402,24.6826993221,13.3004217451,2.42065198748,4.43478153838],
 [38.143433105,98.117331573,11.1285359576,27.7520450615,175.37062439,19.3843638721,3.41383242501,10.2183059145,2.9934261437,17.6591597536,8.88974043252,27.8196553983,1.08724849015,0.90866891012,11.025981879,255.901253203,11.4397437028,9.55168933913,1.04142277635,1.08019226479,47.5130759105,8.06691372118,22.6574839299,4.68595059666,1.07376089502,6.68429716333,9.58397385769,7.37233927283,2.11018358008,1.15722220789,0,11.4214277946,36.4806024806,5.77120343177,4.16990163,0,0,9.90475325005,0.953084376255,37.3146034923,68.1650557596,11.5906363594,109.154551853,5.29469402896,3.30646042101,32.0928315208,29.1095603504,13.0709740238,1.84122106289,4.03626459549],
 [40.917876432,86.7100408112,11.0733434723,32.2826113882,157.581767494,21.9353929264,2.90143506311,11.7352824843,3.22794842996,21.150094692,9.08662228858,26.8974449613,0.924072650621,0.89114924793,8.33804943379,345.1795843,8.88895575625,8.12783053897,1.06939532407,0.871556278104,51.9838097364,7.37452870594,0,6.08791818807,1.24426287558,6.01773036681,10.547256325,7.473937878,2.23157454364,0.969793505401,0,0,39.5482856966,5.72831823896,2.97845659384,9.04935236023,0,11.4496266845,1.07360092731,32.8790972012,83.9933375619,9.89937112503,104.731281838,8.48392791163,3.11557018914,28.9927118239,25.5812852746,10.7549675106,1.72791606932,3.45775147883],
 [46.5642230768,107.397051439,9.06631478461,32.1174382829,187.65401246,17.5057229664,3.1022428201,11.9406660484,3.03207608903,14.4471453633,8.98628777515,23.7665764893,0.984665753301,0.88132303921,9.92387050937,274.787882542,11.6680922772,8.1249395165,1.15078845897,1.04820964719,49.7842673439,7.98176501352,22.992209726,5.98906276215,0.938679457039,5.41168858894,9.23463505171,6.71482185602,1.73220605364,0.935259932407,0,8.6642706523,50.9932796027,6.01745480025,3.95945621832,8.76073908713,0,8.62095523758,1.03879076141,41.1269399731,68.8694930539,10.6610083487,127.011540114,7.34611598015,2.82359606225,32.0927183471,27.0490621429,0,1.97952847221,3.90199269563],
 [35.5355007972,94.4257877272,8.51025732306,31.3978766395,197.420090262,22.9675550661,3.01425831402,10.7779960871,2.61871868054,18.3347008801,7.87458847954,25.110031203,0.985511369181,1.04067731319,10.1908133788,292.137117481,9.07797632789,8.15939462333,1.07472732458,0.904440055829,51.747870096,8.57759019276,21.9059978245,6.3041900755,0.99134330674,5.06685123388,10.5142524886,8.00587713476,1.7529806468,1.13651181562,0,9.34283391534,44.9259180248,6.02026740666,3.6032854478,8.25735305979,0,9.62091352127,1.08213361793,40.502760104,79.4703417967,11.3463942144,116.666330041,7.38431446083,2.72822374007,26.3141625414,30.7836910466,10.1612599818,1.88362024014,0],
 [0,97.3830146365,8.96464794948,32.5955621073,170.734607224,18.6265367215,3.58237901772,12.9023044656,2.77425973513,19.0872042473,8.80834459785,28.0865511689,0.985063700545,1.13408177541,9.58993726167,260.705034316,9.66735649344,7.33433101962,0.91641575591,0.922074029039,48.4475215825,8.64168283931,20.534252686,7.07216984094,1.1148300993,0,10.7100869675,7.66504306835,1.99575047436,0.948162768048,0,8.45402303904,39.4676701752,7.61607590726,4.25811992655,8.370144831,0,11.4068673196,1.00124659454,41.0535343785,90.3391945216,11.7844524196,129.60873376,9.0297864717,2.65677288756,33.0445177405,30.7989268364,0,2.2024277769,4.38353539995],
 [38.0420270611,102.631218425,8.68325511284,32.1502348722,153.713573791,16.3817851315,3.15238109423,12.5112218908,3.22903211546,15.9123751439,8.12041740638,23.2026365839,0.963174478918,1.11098996091,12.4088734123,267.467785029,10.7951966057,7.97290422697,0.907470846243,1.00823284408,53.0991526587,7.09175970394,0,5.5474035986,0.826425575258,4.45187166736,10.7272705689,9.30904946109,2.11763664844,0.840031527173,0,8.40023018071,39.7688040942,6.03537713772,0,8.25589897236,0,11.5565742357,1.0806881718,37.5960937181,63.5399044704,12.0097906752,118.864489536,7.77645642902,2.66641532377,27.9164692435,25.1812396027,11.8025629992,1.86062640423,3.48114254402],
 [39.8087974408,92.2696641804,10.595950336,30.5840909526,140.612524118,18.5943035074,3.516396324,12.6554828877,2.81794528332,17.7806165344,8.70708578963,28.0796053603,1.0198071142,0.988969834384,10.4135126407,0,10.7741449157,7.54969572358,0.921537853179,0.941587709826,49.516521515,7.4527924218,23.2391342452,6.03737924184,1.06508706501,5.44719687899,9.28097903171,8.57827288157,1.91192309015,0.928405861701,0,9.78604089425,39.4844190652,5.80847506282,3.575854855,7.77069379652,0,0,1.02210696095,40.4021633993,95.1773906915,12.437319081,109.138403053,6.979304616,3.2269832832,34.8846921881,30.2988717317,11.5330271167,1.73356506519,3.40071364405],
 [37.1191368052,102.523715821,10.3125596095,30.9694500803,154.168098185,17.4121299255,2.87622237924,13.0035356618,2.69243986038,0,9.40352604741,25.1084887544,0.989767325284,0.942600543185,10.6780208154,285.53652081,0,8.76953140008,0.934534537561,0,52.1851579423,8.78728190525,20.7583725822,6.29858503305,1.06353993154,4.1200584545,7.7105901946,8.75102283823,2.26952132187,0.849121296071,0,9.06477691962,46.2000899333,5.88207088134,0,0,0,9.6562897584,1.09457478419,45.9606007672,97.4569534789,10.2159549354,128.436985387,8.01430658781,3.2166434094,28.0469622121,0,13.1168531811,2.08511863775,3.54487713264],
 [42.2695396401,86.575512325,10.6528503646,37.1398052737,171.7325912,22.8558922213,3.31652589991,11.6654600435,3.44386823064,18.3474207592,9.6608250851,25.7268722259,1.05446294935,0.939093974802,10.4541942542,255.596956075,8.73470278574,0,0.757622065384,1.13058778006,42.188810987,9.39626506078,20.7498051953,5.88737552344,1.00927279455,4.95389590871,11.0300418019,8.98402341301,1.89315899218,1.01470038138,0,8.72989897586,38.9066937207,0,4.30409418841,8.4214767367,0,8.95220743719,1.05179135607,44.2631928917,96.2423366298,10.5770131979,132.212286679,7.84816452552,2.81279373005,34.7420279152,26.968604387,0,1.93552354792,3.50536156025],
 [45.7415644823,100.68932935,7.77513614297,29.6352372516,166.671952928,18.4612680427,2.8508537401,12.4477831546,3.14638448686,16.6845442122,8.62914625542,29.5090680361,0.880908888937,1.02283174876,10.8536847274,280.274235651,9.90422940436,8.37665560966,0.987284354095,0.87110571011,53.3502432753,7.82580368996,22.7464028395,6.62040204557,0.888890581443,4.53648380661,10.8486614768,7.68430677082,2.13625044157,0.895922113096,0,9.19167137833,41.8832392337,6.12050611479,4.21695539999,9.49603556148,0,10.9929443129,0.972657026272,44.2321735001,79.8746113706,12.1852765266,109.078871011,8.8101507085,3.43424908393,32.8609936937,27.493998735,0,1.95191411641,3.98535531082],
 [44.6084755021,74.074190357,8.9390042797,28.6167728106,134.928266946,20.8343740512,3.27278526969,12.1239319589,3.4173137646,0,9.76672750939,25.4049380414,0.894738691278,1.00729155564,9.65797009644,260.624417284,10.9477738748,0,0,0.936181698803,44.1509606791,7.13233802283,21.9637831853,5.80981601227,0.940304147614,5.08277110266,10.8791071239,8.03467120513,1.99580500197,0.912716866425,0,0,44.0229704656,0,4.17999491872,7.36858477151,0,11.2506853347,1.16550418734,47.4682486067,82.9518175558,11.7212689958,135.223886577,7.66942714871,2.86546833599,31.4803932382,26.4918028088,11.4253547762,1.75237039607,4.2891467121],
 [35.4571876161,93.8721850773,9.97275735652,31.0709557644,0,15.3423791513,2.67247080894,10.3454292987,2.99514427489,0,9.7147109752,24.0614217278,0.988117940557,1.0784049154,11.2091120881,288.501519711,12.0837231682,9.68778771701,0.976850221005,0.955056251295,51.9347524852,8.98933768368,22.4998689329,5.54963378044,0.817115212078,0,9.99129912108,8.47397285804,1.89087369128,0.796704802017,0,9.66987920662,41.6986334894,5.60566369025,3.79760413227,8.38163160223,0,10.618548142,0.93624708812,43.3269177764,93.9772715686,11.4798019841,145.736494071,6.52022970955,2.90134563502,33.1784307397,29.0289961339,13.3025407727,2.40924654133,3.7727645604],
 [41.1237819352,97.725749703,10.8184225951,28.6293423487,135.986332939,21.1316112225,3.24214452841,11.7348068619,2.9628087453,19.0483307798,9.08559352205,23.7534796005,1.04629855043,1.00535551372,9.50336257464,228.482911574,10.315462192,8.33412955263,1.0478424185,1.09319521177,47.0817455663,8.10736278224,23.9750918191,6.64994356636,1.16015214871,4.98903753019,10.3226291954,8.46966505966,1.87849433855,0.835603271658,0,11.7466306284,36.5801189367,5.54830334004,4.15337372236,0,0,10.5406384808,0.977038640971,33.5778797841,72.0560960366,10.2545367098,127.296183266,7.38033935676,3.34389479967,32.1298068918,28.3634141754,14.7222811621,1.84892496225,4.21362767893],
 [0,97.773741488,8.42520711795,29.622001516,145.879211205,20.5036023787,2.86214530222,11.1863477594,2.94059787752,0,8.4560208809,27.8831436405,0.99613324989,0.941744931346,10.7253347986,282.642884464,9.07533857732,8.13246928646,1.11875610922,1.0345314283,52.8986580464,9.46507992529,22.9204057666,5.0940585056,1.0402187631,4.55321444614,8.29204055327,7.89878168779,1.88208191032,1.10281893799,0,9.02564906184,48.1599233813,7.28873124209,4.77964341932,8.88942109836,0,11.0702270845,1.03721856385,36.6044182099,76.4736669428,9.93672373675,119.132566101,7.30587075236,3.28188696254,32.0091456624,28.4201813783,12.8928114897,2.05125428542,4.58712879251],
 [42.9545861219,97.9412979518,10.2262357719,33.0428577102,156.333490482,15.8779755473,2.63739692296,13.0993081998,3.2789896288,0,10.2244009681,19.6261414433,1.06713764115,1.1574393117,10.925672925,282.696223347,9.25256838155,7.08244761814,0.85933245694,0.880587009316,51.0068500625,8.60909304159,19.9768950842,5.13763057093,0.977234125167,6.69885367458,10.3264416599,8.59823607969,2.20339054733,1.19407442465,0,11.9471525246,42.6088946191,6.22718943217,0,8.27565000769,0,8.73851539072,0.969826065715,43.1595571272,78.8720263394,11.5611560101,116.341982501,9.169323767,2.80123811424,31.4454346466,23.8467593844,15.0285306732,1.88801064003,3.55844911369],
 [38.3056142693,101.127693831,8.30946447464,34.8171057738,176.932723335,20.0456938729,3.35535073531,11.5470445392,3.57254401027,17.7970821833,7.50794668848,24.8142165301,0.977230094282,0.920403005626,9.63754655604,0,10.4953815443,7.71504034858,1.14220810286,1.2055949507,57.3375976023,7.45789731893,17.045734161,5.71711024509,0.94458718475,5.51125660702,11.0031090194,7.60558556536,2.16098182331,0.991806996164,0,10.587618905,46.5816677613,5.83108420076,3.54531703837,8.40240671667,0,9.58277973093,0,33.8003050024,77.9261363241,11.0514202108,130.724745254,6.61399890814,2.65487500717,32.9388625283,31.4358234957,13.7873040156,0,4.47559963664],
 [38.5253471595,80.7906251349,7.29816863016,30.5549313035,177.515763391,19.8752832822,2.75988966254,13.0462307354,2.53382397661,16.6108718766,8.48056579514,22.1360277833,0.959276055609,0.926488322023,10.3040069445,295.475254011,8.7636252665,7.99516359381,1.11314193814,0.915947818677,52.5849785391,6.88019919912,0,4.91484630984,1.18449339361,4.62554776719,10.1776473471,7.2679082307,1.79277990644,0.932041452237,0,10.3016943659,37.8420721252,6.49733092597,0,9.09636287608,0,8.93464889607,0.816275086107,32.1302839578,82.2121217587,10.2315924635,131.186546316,8.40667065952,3.30517449811,27.791983216,30.1026045102,12.8950132788,1.8149904995,3.68728016279],
 [36.2413057162,88.3367446233,8.2357215159,29.1251191627,176.425131002,19.8521174781,3.00418518744,13.2026258979,2.17944898499,18.405423093,7.65681925441,29.9736085294,1.06802076335,0.989108941378,10.4122589923,289.177457489,0,8.65090536174,0.902720882076,0.875555199242,40.9445439982,8.16392528193,19.9519639066,5.43805625815,1.11311600489,5.41447190522,11.0031962692,7.55749020783,2.38045594473,0.951691211923,0,10.7144582042,38.7224749184,6.59875493735,0,7.08273924152,0,10.2764939138,0.884246905976,35.4040961978,79.3627774261,0,116.238435907,7.8206112556,2.78725236665,29.4933028364,32.4698689893,14.1312898524,1.87511185545,3.92138488955],
 [45.1335775815,94.5631738736,10.6354406268,26.6312179011,176.30276476,20.361412805,2.78178013251,11.7963787263,2.57421101853,0,8.8377483787,26.6491206499,1.18035609773,1.10248734045,8.72982762683,324.604162927,0,7.42567977009,0.990590560452,1.14218439382,52.3971040377,7.44416745922,23.6728532543,6.49076055396,0.900846214548,4.60604962201,9.93980640865,7.5847603651,1.69905906655,0.882730804233,0,0,26.9331773759,6.72644910305,4.22324815558,6.91627931502,0,10.4648762125,0.985017859604,0,82.3101572339,11.4469942826,136.599580289,8.88962581916,2.84486572228,30.3836224749,0,12.9705047639,0,4.37564664843],
 [37.4968520338,99.4036492053,6.90377724059,32.6125516956,145.413691874,18.9417410388,3.13488021706,10.1311301267,2.90212413839,19.8507024614,8.12513794741,24.6708551641,0.95120765621,0.929359957755,9.21016275736,289.424054318,9.38669287327,8.64031766318,0.843204275375,0.854213148533,54.2434614204,7.89693459817,0,5.87640459735,1.13239941979,5.09078211777,8.98867284135,7.24378633705,1.86237595974,0.983943472402,0,9.06705959639,36.8647891128,6.12678645737,4.27375116758,6.95342438918,0,8.01512516734,0.945366189861,37.7934541615,91.6876094636,10.7510389385,114.402514099,8.55048813472,2.97750541214,29.2411686759,28.0290899634,10.7970373627,2.28745109092,0],
 [41.1222188029,88.7249575495,10.6295913947,31.7761227227,159.180877919,18.8898646072,2.73244204724,12.5707569455,2.88308464681,17.4571850157,10.0972364584,25.9698524703,1.10894511435,0.867612513953,10.2654562292,244.445724292,11.7697928351,7.59785277764,1.07970112567,1.20560569666,55.1356487281,8.61875460078,19.8339958427,6.14853077331,0.930465318778,4.66276937659,9.96650030206,8.49300763612,1.94500604955,0.968371421441,0,11.8627843558,42.7432675837,7.100349397,0,7.46206150344,0,9.06647729819,0.98712584932,0,80.18130466,0,81.3959163112,7.66727418946,0,34.5907759107,28.9156435697,15.3131593925,2.39524526115,0],
 [42.0245149554,88.344354214,12.0891552483,29.9370347372,152.401110456,22.1251039403,3.12544052718,15.3562424263,2.62754704625,19.688046584,8.60653993908,26.8597877478,0.940938556296,1.0175711839,8.10800149698,0,0,8.05944525471,0.95521541155,1.05821363593,50.9938521119,10.1796309085,18.9315608805,5.78008875052,0.967189432308,5.5604159955,8.70346363205,8.35198402408,1.974965809,0.998181503516,0,9.61531230074,38.593896299,5.94367604558,3.98992040264,8.61524681704,0,11.68642871,1.13170240921,46.039329862,86.7092310057,11.5307525038,101.213045697,7.59505016157,3.16625466579,36.1542063815,25.1434990822,0,1.72487136273,3.65679135604],
 [37.970643954,105.609760092,10.3842720808,31.7257661715,172.965176767,16.2721926124,3.08790101033,11.4473458756,3.61343347615,18.9053897002,8.68861098717,25.3168434414,0.924384285733,1.09070442453,10.3983993143,245.843981122,0,0,0.845453192169,0.974944328492,57.1064494925,8.79919411442,22.458265516,6.27515566795,1.01712860033,4.43927056016,10.7138795063,7.90200105357,1.91752475233,0.980285828452,0,11.9571631268,34.234936311,5.26570354473,3.63792533719,7.85894340781,0,9.86940236251,1.01556775197,46.852318214,101.858068701,10.2707852139,110.509148808,7.94070443357,3.047392468,29.1375026052,32.8177104151,11.7456456881,1.97874990939,3.36287536684],
 [39.5743041194,93.7008976449,10.3584092481,26.0311345449,157.051308359,20.3122261668,3.3268992484,12.5977611572,2.74593257648,15.592029544,10.4910262772,22.9545476981,1.12170990147,1.09259159385,0,255.641766545,7.77775427961,8.65114944313,1.04624571874,0.994968816532,62.8344952906,8.14755591188,20.5028642719,5.19121160548,1.00165371111,4.63143565667,11.8237709507,8.02823290748,2.40758156725,0.950619060631,0,10.4285954451,39.4984175974,0,3.70949199337,0,0,10.4173503822,1.12481735141,41.9261676721,83.1922936664,11.5083344038,117.325392121,8.21358052382,2.72883577552,34.4355397264,29.6662038883,12.3128510158,1.80115797325,3.42951022829],
 [40.9485717497,103.21324735,8.79053620988,33.6801104303,182.127179411,21.5388866446,3.00705801453,13.1532131063,3.16385556674,16.0313502997,7.65057446829,24.7745836649,1.03799898559,1.00888009627,10.6686204712,332.361805551,9.52320902937,9.06581894144,0.917830066309,1.02149778156,48.6320056403,6.39642128331,21.4395361581,6.00153874505,1.04956593595,5.16417162335,11.5822256408,8.13629269356,2.26299955959,1.03276558917,0,9.21153416827,42.3132583543,6.60891306822,0,6.74283792591,0,0,1.04297212893,33.8957450047,91.6779868793,10.4950881772,124.038759443,8.17676213409,2.81685520991,33.9555177995,30.2275491973,13.4641559623,1.80530488429,4.03819278933],
 [33.1838013771,97.1594026785,0,31.7393624029,165.092713371,21.5724879652,3.11343210093,12.5429463018,2.70147153802,0,10.2773387944,25.4966787461,0.888090009377,1.04698073345,10.9838967173,0,9.75389650857,6.9965345334,0.922485904771,1.02517847454,51.4598413485,6.33068023471,23.3082212922,5.28913872747,0.965070127979,3.95469752604,10.1994423677,9.51516413361,1.83445675956,1.03028332438,0,10.6177466259,42.7094507976,6.46733026526,4.22353605534,7.32469435331,0,9.3124251729,0.865575952082,44.8150659248,82.1743998231,11.6491475104,129.917888883,8.23582069961,3.04772820929,32.4699645334,25.2807009007,0,1.81121827441,3.94849653042],
 [42.2001814254,92.376989136,10.7956731258,26.2910917548,179.246406667,0,3.22916141074,11.0946425959,2.89874935081,0,9.93829085727,21.2069179122,1.00624508835,0.863383926756,0,249.835797313,9.7101199979,7.00238994132,1.04248035069,1.00948489643,53.4112098701,8.8554804726,21.6478221837,6.10119105408,0.853965459429,5.32034354029,9.46508188434,7.88955907298,2.16328187428,1.03522306114,0,10.5284436511,42.1026088188,6.34111425766,3.87359682278,6.99907862552,0,0,1.12274092081,44.9506407789,89.1222841428,11.5917532954,128.259675879,7.41592413794,0,0,27.7580198397,12.8833713919,1.93285515204,4.48736959466],
 [39.5709419055,84.1355410236,10.536618747,29.0683175925,177.816197008,22.2523523523,2.32517045291,14.1044492672,3.27981257696,16.8434181183,8.22202753237,24.8339693913,0.941508314646,1.17021925131,9.021809226,287.680098977,9.27020112768,8.4673386912,1.0028136968,0.96911531035,61.9619083342,9.05625937385,22.4230782949,5.19890567707,0.960633395866,4.65699152678,7.98055047582,7.47047417025,2.05569117498,0.955550042617,0,9.64838072273,49.8657107233,7.39435747227,4.29986735008,8.49192665618,0,6.66961793721,1.0197798749,39.8947176665,99.1749964979,12.9105032865,122.735823996,7.94731158307,3.12962211954,31.0740097111,26.7516935003,13.1675252141,2.08411564501,5.34351025749],
 [43.5814440735,110.853714732,10.3371184809,27.9931662199,172.401325617,18.2387479507,2.69630090217,11.1954903226,2.37641311167,0,8.63061190735,26.7549181699,0.912598865987,1.05226767201,9.45558953063,312.845675557,9.67977010963,7.6084542475,1.03204583894,0.948599388414,64.435992267,7.5126430066,22.3267074383,7.08519226713,0.920803225448,3.83812025426,10.5244789239,8.51531783475,1.9492116419,0.925704026502,0,9.25717421891,36.1791494686,6.35367105346,3.61160601075,8.70341477118,0,9.82837260845,1.10827267763,41.199511538,83.0281949191,10.4386820803,120.220558343,10.6139268759,3.02029132472,28.644381954,22.2888797816,12.2544882184,2.04799462924,3.72481058309],
 [42.7661143534,72.6889274614,9.3032227402,26.9673410158,168.340588765,20.3203406583,2.53152279102,11.3161158129,2.97372314093,0,9.42960382836,24.5325102525,0.870930224512,1.05929842822,10.0863501111,260.494806846,0,7.99800087106,1.0346026592,0.986894896985,50.347571479,7.46459125906,0,4.76905331789,1.07275479498,5.00272679657,8.4574025075,9.5010343133,1.87511894022,0.918917552142,0,9.90492993964,44.5833205705,5.71582604437,3.46286480562,7.27376406654,0,11.3339588368,1.11138443372,40.8153329823,89.4195752093,11.5910354216,125.326930009,9.3076875739,2.990844154,33.022838172,30.2740088595,14.3945829976,2.14309865526,3.83996045943],
 [42.8269088246,78.3542521622,0,39.0830813237,177.202422512,20.6749400084,2.99947812301,12.1554906823,2.91860395955,0,9.10517810086,23.2350713821,0.879419004813,0.978867446416,10.0054735008,233.795361821,9.43731027359,0,1.00222983052,0.85333284366,44.7703007835,7.8592722522,21.9075143803,6.17044228927,1.07765594794,4.95853470635,9.60916731121,8.58225944665,1.71136491272,0.884690912537,0,9.46940899551,35.7259924215,6.03711286297,0,0,0,11.0889390165,0.870904138149,38.3624378766,92.3388655748,11.8517595639,117.315669032,7.60647049949,3.03778255255,30.8677100804,25.0908018908,0,2.05473101189,4.38219130734],
 [0,96.4852360948,8.94620142753,28.5747923387,174.752500192,19.0334573971,0,11.6515860138,3.26738863042,0,10.0151875571,23.6550888903,1.17224830424,1.04790786608,10.3124880618,278.308513348,10.6613167539,7.82955464235,1.00692883424,1.03940168509,40.6893401778,7.79319186092,19.7789889194,5.78012461156,1.1033231802,5.61797987082,8.89804593978,9.33785887405,2.01000314436,1.02822216087,0,9.88351278295,40.0606555217,5.11200262249,3.59486128877,0,0,9.87750224957,0.911105799599,40.9085163537,94.8401969177,9.17524222148,130.085979096,0,3.15859228624,33.4432997586,31.382370335,15.0910895511,2.33690427908,4.53554327624],
 [42.9261379448,86.3044440426,10.2637822849,27.5990295494,151.883736334,21.5179194682,3.04759603127,10.7799521709,2.85521571993,21.8805641623,9.11182257991,25.467288942,0.963257704617,0.923238754149,10.7850807155,250.853724504,0,6.6329874894,0.91622343191,1.09543736465,45.255524351,7.72178171018,20.2010100335,7.39607920305,1.04529355676,4.68066893761,8.17338855248,7.60643669281,1.69141252475,0.906935956193,0,10.7896039452,47.213296303,6.10392993146,3.45096051152,8.87357077434,0,9.62226281181,0.866420282304,37.6706978582,83.0553590417,9.17479371268,127.592829497,8.08995923731,2.74435450561,34.9805571029,28.8836679776,0,0,4.82441058187],
 [42.0166760087,103.841900166,10.4706774146,31.9024409233,0,23.8661008548,2.8897063182,12.7743795566,3.34757850223,19.5744871176,8.25089828748,24.1917785265,1.15730678584,0.9761745451,10.3794233497,357.36716437,9.88014702478,8.79532223109,0.917216120911,0.954680828658,51.4914646323,8.01958497633,22.3326269266,5.34105195099,0.759981742933,4.91040223967,9.41427615649,8.55099945475,1.80666915788,0,0,11.3088542687,41.5630224129,5.95280779143,3.71425528122,7.53122185101,0,10.3337249449,1.00775943976,45.5688073785,77.3185319488,10.2379907827,125.518998981,9.12294161738,3.00922819179,26.7263566745,22.4028566898,13.7893801817,2.10622444993,3.51042335881],
 [38.265626741,86.8947582599,8.96020244805,26.1995456161,172.450518342,19.6361863102,2.93300950862,10.9367788235,2.854429141,15.6388933565,9.56255425247,27.7314065512,1.05963201218,0.861099845884,8.79422692224,317.352341945,11.6465034708,7.08434290478,0.952044757223,0.918287286981,46.8294954256,6.68786269871,16.4720118074,5.96735883922,1.05146390114,5.72345853254,11.1364430004,8.4649377624,1.4366441636,0.912151029702,0,11.8293896097,42.4621229869,5.61837982082,0,7.32373503282,0,10.0479187622,1.04939429595,45.1633915316,86.2021665013,11.380828429,115.786903636,7.41519105585,2.8922391521,29.6635791272,26.022932364,14.4976459048,1.9930661212,4.80115253787],
 [39.2899606212,84.5511835215,11.9271228993,32.6599257429,160.073917434,18.3761515962,2.90599219849,12.9002420629,3.39319062873,22.224349843,7.26194200698,20.0336521833,0.880232682413,0.983875348245,9.87566160764,317.140269204,0,7.3351585891,1.03850526645,0.978681543273,49.1397383622,9.48174624442,22.5663754696,5.41205399822,1.09379946658,6.23446939435,11.0086965989,8.14618393034,1.59668123183,1.04427508703,0,10.8614908002,40.6052766376,5.33380155388,0,8.67461866718,0,10.2551794934,1.02297921237,37.5130548715,86.010573807,11.7589169496,149.92550945,8.53184687908,3.19803580863,33.3615036717,29.3607702013,0,1.61786983385,4.04777979091],
 [37.8114367925,99.9016679667,10.6578777058,31.1442880618,140.531918729,19.0640700762,2.5417355541,11.4864895796,2.54939115942,16.7376866345,9.56334104194,24.0250837382,0.984184547807,0.950129762513,0,262.249728906,9.84419218399,7.66046252724,0.914397136951,1.06255005553,40.5214326374,8.15145851719,21.110203656,6.18934394984,1.00559721121,4.88268328131,11.4420659297,7.40157257836,1.99783392562,0.97420324589,0,8.64285533301,52.0627207432,6.65290045979,0,8.44979680505,0,11.8471589798,1.02207330741,40.8273172278,90.3070564824,10.9728333388,119.333940047,8.62195308548,2.90140664775,29.0697025001,27.169201304,14.5649803557,2.00369831439,4.16577138826],
 [41.5816207429,81.3989931533,8.81656415932,29.6804900896,175.051241261,18.5483096969,2.82486135302,13.1330419455,3.21482729325,19.4218426182,7.6189310912,23.6286942556,1.08409913779,1.05443564496,8.71229302851,290.707256541,11.4596029049,7.6846427312,0,0.946143034485,51.3584326611,8.63260546963,21.5388879227,6.16534365711,1.00717754469,4.83689744378,9.54586158766,9.83724480608,1.89108690099,1.03813150952,0,8.93865938668,42.6579860019,6.10896707775,4.19202808956,0,0,9.93193300427,1.05336532051,41.4131635426,86.3533184844,9.63071363842,103.659571861,7.14385473334,0,34.1383962663,0,13.0200141368,1.95438591271,4.63668594849],
 [34.7681831347,90.1830499973,9.39965792161,29.1091723358,170.558631761,21.3608054705,2.64391533802,13.4031876937,3.27131188762,16.4200929207,8.99732200524,31.4477669011,1.03877701072,0.97602086695,9.85378432293,0,10.4260046314,6.96645099831,1.19452830319,0,47.6530284875,7.99332585777,21.598675417,6.09648336744,1.13100595738,5.28810298342,10.7870846706,0,0,1.22699716005,0,10.6806901577,44.5672495392,5.6045353063,4.33730762663,8.62933910671,0,10.6923980898,1.00624433752,42.5390090947,78.4628125036,10.977415312,135.696760831,8.04595845838,2.91657544511,32.9901194295,33.803100034,12.4704053528,2.01213887626,3.98204343698],
 [0,65.8743895384,10.0046688328,27.8670278086,142.243561171,18.52869416,3.40904623775,12.7294923679,3.30961875042,21.2815844977,9.90739404421,25.3550832955,0.821901295821,1.00679602137,9.67706853441,292.379355744,10.6743165359,0,0.875968072255,0.92270693305,54.8753517893,8.12400560679,19.2969502942,5.40658600558,1.06976212882,4.49986027283,8.68706605069,8.00685404892,1.77509024132,0.93048578647,0,0,42.0885975911,0,3.70049579302,7.35717592199,0,9.26313666449,1.09191897291,36.6617135073,84.6594494836,10.7989343763,0,7.77252708114,2.94639697569,35.7419522568,27.4847408916,12.4566268694,2.15196164654,3.65128869208],
 [45.3537148643,88.2634185943,10.2348832832,25.9851331758,161.517118932,24.5807235839,3.07589441312,11.5255721025,2.25300208174,16.7693133282,9.29332891296,0,0.973847687108,1.07393294764,11.4608653174,304.767620879,9.05810089582,8.52451515127,0.958289311361,1.07945000263,53.3596308902,6.50077769983,23.8678324726,4.69626186532,0.918240440559,5.49834765848,9.78870437351,9.03523999063,2.18646607772,1.12702160556,0,11.7606366929,36.7739449211,0,4.00526236943,8.00470893742,0,9.37497800705,0,39.3483410878,100.132926216,11.8179618328,110.06380537,6.86640934227,3.50314150152,33.5213989643,28.8001539688,14.8974939419,2.08073599991,3.46326283953],
 [34.5392574443,86.6435306885,10.8693948289,29.9881646675,156.83418584,20.2762521141,3.25559462582,11.3205975483,3.15321300968,0,9.50286066714,24.6016224875,0.969327153331,1.09327538203,11.0082633082,276.34578465,0,8.03812047333,0.838068485801,1.09984145689,51.5728511081,7.49478192517,18.3408110727,5.57854473121,0.941314986591,4.06126720719,10.3575829229,8.00308784744,1.71914475169,0.994024032492,0,10.6363722036,37.8592325333,0,0,8.12193571137,0,11.7216538783,1.16476111279,0,104.110781111,10.6512388556,124.213617497,8.27282409254,3.39257675659,33.3429506121,28.8036412084,0,1.52240493849,3.64050741165],
 [38.5661289534,98.6510347821,13.3662175759,24.6498536554,137.067676728,18.4491314281,2.95978113795,11.1104629846,3.13127126231,16.9828708126,9.5603080712,20.6161253842,0.929354943308,0.96242219826,10.2438755829,282.221956816,10.6936381612,9.4788783608,0.866587663511,1.11372799362,44.9760344779,8.56604613758,19.9943295796,5.8436270677,0.803287408643,4.7759679212,10.4772384513,8.74447597758,2.17588287094,0.932231389089,0,10.5760368471,43.5168135354,5.99178864609,3.12372770328,7.8443222379,0,0,0.941656129769,45.5148863233,90.5424201607,11.7144604857,0,8.2295871574,2.85582063409,30.0630969146,25.1855410393,0,1.94307249684,4.43325165654],
 [43.6180749348,99.4974565104,9.89322271608,24.8895337275,179.910761007,23.5989492774,2.93742767332,11.5188803016,3.16825703015,14.2469190706,9.14989082603,26.8917352054,1.07251227804,1.1850684128,10.3872888274,234.464197566,10.0097464856,7.74547798543,0.999359568045,1.22346050395,44.6903331291,8.22245722556,26.0760961467,6.53385730172,0.791792952473,5.1641767052,7.58473040389,8.7677632492,2.11608218228,0.98437120989,0,9.81163273482,47.4785720812,0,4.28130059263,8.44833712628,0,9.60684795469,1.15155299529,43.3256161125,98.6548089241,9.77928390356,129.762428132,8.50388391506,2.43329971733,33.1184854934,24.5968735238,12.2840402225,2.06535228517,3.20310458371],
 [40.6057620849,95.9384605453,11.1106713182,27.1166257256,154.790029731,19.8495417895,2.88192065168,12.4263415395,2.98333568632,17.2138577892,8.02872942939,25.505590419,0.865190994667,0.949224102192,10.3546729035,231.839919069,9.60520685635,8.57490519932,0.88855345167,1.03464460041,50.3380717441,7.49692818104,20.8113727965,5.25781815274,0.887173703447,5.58466750335,10.1459410941,9.00372285701,2.01472854922,1.20758068478,0,10.2316771877,40.8993287929,6.84584555709,0,8.57404149072,0,10.1425097409,0.996041476533,42.843919659,89.1281054083,11.2875101915,119.237218273,7.90324242609,3.01071119029,29.8997489113,28.7682600821,12.1453697079,2.10116364103,4.26891903769],
 [45.3218349876,98.1199873573,9.88632606362,27.9007722258,143.683149793,21.6642105569,2.8085008569,10.3017893645,3.0502816077,16.5065508114,8.40623561003,23.0409975658,1.10652045831,0.915918993393,10.0873004693,298.25389899,10.3892381685,7.86030246153,0,0.964051944673,46.4679454055,7.65014880699,22.5867356381,5.94509831559,0,4.46274128607,9.99300695513,8.92764686695,0,1.01741163884,0,9.54911814516,37.1881417471,5.9806591676,3.77195984953,7.67037276965,0,10.3199217681,0.93926777889,40.2786466012,85.5793035495,8.98743527844,100.782160375,7.84929791182,3.29220750038,29.7838119453,27.0826712736,13.8474399638,1.93699553688,4.10016032051],
 [41.6692893707,90.6504750728,10.6925725008,28.4124022249,161.388612459,19.7453335537,3.37159907936,10.622796671,2.57452097031,17.2730815255,8.75485390046,24.1852507776,0.947309339359,1.0361312177,8.02333906017,248.048371279,10.901464712,7.9858740142,0,1.06080159853,52.3993733506,6.10826240241,23.478311883,5.81649213021,1.14479952864,5.05348365092,8.87226671199,8.10098987756,0,1.22532318998,0,8.52781069912,45.276061168,6.88667319543,0,7.18250891974,0,11.8987268204,1.03234932609,43.5440745572,83.6259805745,11.147476463,90.557876688,10.0189080805,2.89792575716,32.7565639363,31.458007936,14.7799910549,0,3.850182337],
 [44.8835070432,97.4237714247,10.9936213585,31.2777941743,134.064369004,22.4536670227,3.17658000018,12.3663652183,2.4695202214,17.9056024163,8.45892322523,27.243485068,1.12761802636,1.12662076885,9.75438233515,321.473779051,0,7.73995704714,1.01986553673,0.961200846883,48.6971547351,7.35916348833,23.2923287757,0,1.00290698541,5.97533757323,10.3571205646,8.43173851029,1.80943531677,1.1283740875,0,10.4657781993,48.1810797038,7.49043124651,3.52635734783,8.70353128562,0,11.6403849472,0,39.6390057224,74.3219189041,10.1771563036,121.652712565,7.95715450444,3.30477162706,34.8577601334,27.2897681993,14.2024183396,2.14871566197,4.46766720821],
 [45.0650668629,93.1153942203,8.90721596965,29.5476102089,154.685701181,18.036461356,3.076162202,10.6248198444,2.95806904595,17.6193752793,7.972233723,26.3700193163,0.806272815364,0.782941053416,10.5491039635,239.133556266,12.0812582561,7.85113162757,1.21667498319,1.12840916154,42.3429488585,7.5297306001,23.5476633518,6.3032313556,0.801956348976,5.43810918407,8.96788313578,7.94592607417,2.40365663247,1.16713676499,0,10.2314303016,45.9520217448,5.69999149434,3.91211156744,7.43078221994,0,7.99747492578,0.835171672015,37.894928354,82.406069324,8.54188764324,129.428604926,7.78044219879,3.31974859514,35.9934040628,28.7112157432,11.9358501587,2.01227959292,3.42299306152],
 [40.1627431938,97.2933676589,0,23.3708390369,150.918949298,18.7740094017,2.88989075702,10.7724341919,2.71725388063,18.8129937508,8.17251671672,23.6325048656,1.07316425111,0.931811692623,12.3850088231,265.806336949,9.98567318912,0,1.22308112601,0.99152755118,50.733862864,6.9114846248,20.3634106295,6.74564276276,1.06070227024,5.53448975434,11.3476300899,7.65764949617,2.00800480021,1.02476000034,0,9.56711359899,45.2391266422,6.54417383091,4.57500995214,0,0,10.1705735796,0.780027520724,31.340653428,92.983630927,9.62609357357,113.564340595,8.2055027742,3.24847402297,35.6147963555,24.1664569196,12.7011181782,1.93483104242,4.26575262207],
 [36.4014478394,98.1076159222,11.0696516915,27.7277851785,165.030751715,15.1027974196,2.74247383571,11.9925695678,2.98664501333,16.0431553988,8.06797005302,24.6011824206,0.857958929774,0,11.768748512,283.093244737,11.7595138753,6.12900642799,1.09722055618,0.916672604458,52.4113402365,8.63402875952,16.9279664831,5.31482853218,0.926464223414,4.61588859744,8.71752247621,7.73735200855,1.80956794089,0.793100828198,0,8.26416990976,43.2471218631,5.68772683634,3.79877179785,8.23616637513,0,0,0.947373981699,46.6427201785,82.7696078263,10.649168963,126.661106745,9.2197197427,2.90678110249,32.4820762722,31.1749512351,11.4434511162,1.97325533864,4.21935120461],
 [38.7888630901,83.1619571259,10.57434185,30.7194285026,146.501403755,20.4914757247,3.1383918633,12.6634244275,2.72357864225,0,9.98801223929,30.0545289276,0.922773946647,0.973144009106,11.7480177691,284.002213111,9.62963738571,7.68814688208,1.08879300097,0.937195983315,53.1112868205,8.15363950463,22.1966841333,6.27022735198,1.03456462374,4.53217886947,10.0625964957,8.29916453362,2.2576238225,0.930587011389,0,0,39.5526019917,5.11788839505,2.89326085984,6.58831036866,0,8.96297806192,0.935974928346,36.1802127812,90.0621350507,11.211588662,138.764056077,9.03814359752,3.00132965003,31.6418877745,24.8756763817,13.5266645835,1.57656153768,3.25829054133],
 [0,95.51817571,10.124319887,33.1459217977,169.30943638,19.8941565465,2.49735866829,10.4301650088,2.85077530228,18.702909863,8.26239233461,25.1600524039,1.19609690416,0.978757572879,11.5597337984,264.253234935,11.1194659222,7.65661302964,1.07785355997,0.996889586488,45.3181900965,8.83338447027,24.1992196863,0,1.10534208551,4.6256269896,9.93478813395,8.53384819195,1.77320875047,0.893392744756,0,11.1295206702,43.3622794747,6.09172177567,3.93641001022,7.9142599122,0,9.81555450629,0.838612167211,38.9269174655,79.3759221579,10.2195515464,125.322464106,8.64284807169,3.08917219546,30.0018023188,28.3147386552,16.8954375735,2.02673082365,0],
 [0,92.3622784193,9.27690570715,26.0343364915,148.154476343,19.5707541683,2.88162877516,12.3887190827,3.67900796632,17.9283548437,8.79847269253,22.7009607758,1.09488365255,0.889667847822,10.3777022808,322.17704105,8.1547295237,9.15547977307,0.831099176333,1.05746584119,52.0508864951,7.95183623701,20.5641483542,5.86240402204,1.06138474151,5.44091528548,10.1091875686,7.55843900479,2.01549514529,0.995067515022,0,9.33343790591,0,6.07171065363,4.16548928705,7.07175493826,0,9.9195147704,0.891702465829,42.9471711345,74.5343920967,11.1893596826,124.134602974,8.31487416861,3.52518345241,28.2456432859,29.1677631173,0,1.92206061288,0],
 [33.9953094543,96.48457639,11.1970350263,28.6997167808,148.039193769,19.9285695123,3.08853104229,11.0820037167,3.17553070362,20.4630021243,9.95982584592,25.8122411356,1.09531506383,0.936637637383,10.9969870714,293.339785689,10.3608768486,7.8514297262,1.05530052291,1.03003937468,49.3556474338,9.07869186854,19.6131040249,7.26148063297,1.07991216668,5.05306243125,12.9755205897,9.14486514121,2.15896936784,0.882564978198,0,9.0404096177,0,5.80792612599,4.12249431707,8.66675891286,0,9.86363653078,0.991387306053,0,84.8732056479,9.4419132301,112.525144908,8.96356231989,2.74011998967,38.2635819722,26.7224077119,0,2.23511417136,3.64865865906],
 [34.8403030376,94.4903549593,9.69136663815,32.3891451921,174.168578025,20.5522888068,2.5628906227,10.3446662185,2.90065638409,18.9853448335,9.51142757408,25.1970780519,0.973878928795,1.20457615088,0,286.13425447,11.2654914999,7.80792586344,0.918841335121,1.00835054366,44.6424658784,7.667777636,20.9658240164,5.86586280473,0.809390214832,5.31404453898,11.8425931268,7.61289202244,1.84844143207,1.08014103159,0,0,48.4287038134,6.02281606826,4.48598283804,8.37410709076,0,7.95945641491,1.05895279173,40.73694504,71.4768069877,9.47478934454,119.674124492,8.65854804975,2.91590503519,31.2780036275,25.8348088804,11.1331292894,2.05564973933,0],
 [41.5896627383,95.7703635593,10.7941022951,28.4066201514,178.760367167,18.8477824771,3.11131928059,12.8225772678,3.33944045373,18.3845842597,8.90885057813,21.8431155293,0.928466385226,1.05378705412,10.1672515192,304.725974564,8.99570689567,8.0743031474,0,1.16162864908,34.2211720435,7.31861495938,21.1605747457,6.44238711367,1.02164452029,4.37712106847,9.82107657823,6.77294892273,2.01536948255,0.862395444249,0,9.1440814291,41.6190401514,0,0,9.58515391715,0,8.25984844948,0.969274031841,40.3549223373,96.6234242174,12.4355916216,116.888577255,7.97298676662,2.86287917663,33.9059364766,24.3545575988,13.5567598416,2.13334328054,4.03420820353],
 [35.4094481852,87.7361612058,9.56364035001,28.8990990571,132.125042891,18.2776591508,2.75559142786,10.4108252485,3.52235417576,19.065785792,7.99437235301,26.9481520112,0.961683224969,1.22423844621,11.3987798628,0,10.9340525092,7.30916334171,1.10741313206,0,55.6886677164,8.01205452655,18.2827617089,7.11990465735,0.979985850067,5.08968596228,9.56812693735,8.681735161,1.88907768642,1.01462529439,0,8.77250798172,47.5715287628,5.5900135136,4.16182235553,9.14391015082,0,9.6384404643,0.924867335885,32.2503936855,88.2353784521,10.5840142544,112.837478353,8.61585250372,3.35573395431,34.3243460093,28.3935149337,12.9196434037,2.03384801836,3.91148815097],
 [39.8464163851,86.8015668134,9.57342221611,27.4046391159,149.080112528,20.332069333,3.24188779,11.4325697914,3.23175693043,18.4009412851,8.6270448031,24.7182167106,1.01848680135,1.10343192459,10.0189097855,300.679243252,9.18860077678,7.49525511133,1.01471632882,1.09997283712,36.8285667411,6.87616943742,23.4748163649,6.22538921511,0.905211445594,5.13323913532,10.5228922058,7.51002228773,2.04289144249,1.00228523664,0,10.1089798037,40.3449319943,6.14894433649,4.20937199584,6.65463264321,0,0,0.89653904813,34.7705959371,79.4117236713,12.9294969057,119.994127687,8.44643939294,2.80501367589,30.5703361241,26.1598255929,11.6504991686,2.1995460451,3.56064030684],
 [0,89.0226000969,9.37565562291,28.8444645061,174.295807039,19.4004187019,3.38035550951,10.388618017,3.03790074616,0,7.76323152499,23.1783037402,0.891295976082,1.03104719293,10.400452455,320.251609669,9.72956832161,7.97866046262,1.17671902313,1.00706632378,43.6735234267,8.11185901702,23.3739663718,5.81254121939,0.981854104241,5.11087252826,9.65436854046,7.11287542244,2.22086858875,1.14517544451,0,0,0,6.96723902158,3.68706472344,7.32668727619,0,11.5525559725,1.06027659524,39.0797352247,95.8840291787,11.9895694129,131.296512494,6.47866545286,2.84714715747,25.9373330847,26.099172436,0,2.0965914891,3.86037583143],
 [37.4169646304,89.0881371195,8.74025547069,32.5986647284,157.201151894,0,3.22482836684,8.88741134216,3.28792569779,17.1669140223,10.0980543764,22.7715599213,1.19840378635,1.01126779053,11.6693992105,285.188097861,10.3293779578,8.42142290055,1.02359589203,0.989569783587,53.0478070811,7.96803730433,24.6618057648,5.70232400207,0.790173669272,4.81703409009,10.675872459,8.6172422898,2.09482192768,1.02396501675,0,11.1107168763,41.604948003,5.93710824492,3.50941353791,8.25404220007,0,9.38698483596,1.10055456043,44.0031853599,89.652775531,10.3194633233,106.814229835,8.02722293112,3.33967820266,33.3674976271,31.0653536352,11.8666585757,1.94097021357,3.8639839529],
 [43.7120834425,99.5260234107,0,27.3475296819,168.892655566,20.3930460488,3.07002470029,12.1961722645,2.75153634633,17.8154017687,8.85801141121,28.4739946825,1.16171363581,0.973513552828,10.8145641298,317.226209666,9.8389085342,8.20152929976,1.02426642304,1.18080730024,54.7464396992,7.92456334247,26.0980093959,6.37618255915,0.846430842405,4.34993054012,9.66974575874,8.35131627114,1.94994689794,1.03734746463,0,7.48712555657,44.6248207265,6.11000441838,0,8.76283007387,0,10.5024567678,0.91252932233,48.5237211864,67.2421367341,10.2736576781,132.878874864,7.36858077569,2.93390821978,32.1782426626,27.6913574055,0,2.20317375985,3.86168640504],
 [38.8375528766,84.4725230819,9.77012308166,30.2704219074,167.300076914,20.9682680079,3.11127449448,12.4131902123,2.90880905858,18.4626970414,10.2610003945,23.5394678752,1.0103992519,1.15355377983,10.5286793779,272.231439883,9.78158892001,5.5937088634,0.95844881525,1.10257122043,55.7487025878,7.81913404376,22.2006772546,5.62150156293,0.863827968659,6.03253297357,9.20358952523,6.30360238193,1.84974025042,1.0799495315,0,0,40.4330882786,4.97200150437,0,0,0,9.76532686293,1.02281278204,36.0773861443,101.047603494,10.1549237569,120.580457964,7.38215513429,3.04235623597,36.8658171063,28.9605512716,0,1.99484027576,4.72865904634],
 [44.7778995388,87.4564525742,10.3266192018,31.0129749071,187.915255314,20.1961553834,3.64397799583,14.3139503935,3.37273325556,0,7.93524645317,23.5977822711,1.03785409062,1.17868138943,12.0044204429,240.100029325,10.0127443576,8.77104744256,1.04368642337,0.906276077591,50.0565251495,7.78427260407,19.7625142802,5.59216072371,1.11901428258,5.21154497818,10.1666760625,7.72601451474,2.14827531267,0.909670039797,0,9.2848870773,40.0388964944,6.12484042062,3.57498411838,8.74749705423,0,9.66209947118,1.02448004822,43.7449175181,94.931589911,11.8202619888,92.4793280762,8.80458143006,2.26243326312,29.6308638623,25.1061404611,0,1.9653333949,4.11054196881],
 [35.3681196816,87.6062110617,10.3822834299,29.1357493007,0,20.7509722643,3.48784940553,12.0306737907,2.98534533749,17.0201036602,9.86563598442,21.5500670913,1.03216370656,1.0232437808,9.35814515835,301.781885837,10.51603516,9.42647541107,0.840836896108,0.869598625449,49.4923758591,8.98719838372,22.0304245466,6.05732756593,0.962158773356,5.01979279879,9.94585592277,7.13112737736,2.10976565257,0.980930597175,0,9.57902281978,51.4157547601,6.50945085679,0,7.39390013942,0,8.55875738627,1.154340681,0,85.8441477702,12.3380576259,118.800686104,8.12940365363,2.63276360376,29.881093111,24.9028974946,13.5041701925,1.95998808333,4.45469403734],
 [42.786737202,70.524204866,11.1800587046,27.6550740012,0,17.1964993627,3.34057106804,13.7981054805,3.13140835719,17.6160501371,9.34137653777,28.1155999602,1.00735347244,1.04095335203,10.9708242618,301.950438241,9.0259670725,6.99269749267,0.983846959085,0.888606501212,48.7697917619,9.16314655648,21.3183614425,5.20480716342,1.16908619635,5.32356920956,8.96146087862,8.20566036614,2.28733566824,1.04736081248,0,0,40.2660215577,0,3.22084477416,8.38904755324,0,8.73980460034,0.926358408171,40.8507251018,77.0096598121,10.9541789746,100.023650002,7.61269100985,2.78575217678,30.2276411134,23.1006922261,11.6359345313,1.66253397059,4.47308761444],
 [37.245890898,94.7437685407,8.53074124127,28.8599668502,173.10392871,21.1134101572,2.87065943672,10.8152958802,2.795329677,20.2815228559,8.25415527899,20.9811175546,1.05231037315,0.968278611525,10.7003029855,304.86670595,11.5807068595,8.46738467962,1.0447079555,0.988172671164,48.5287082578,8.4546700966,21.6487481455,5.91504319969,1.09890678048,5.21118731443,12.1232161931,7.79096114962,0,1.03621679385,0,11.1468348467,38.0376981552,5.20978970711,4.33264240084,6.73028261298,0,10.9004644805,1.20592084175,40.1080591352,87.9931570829,11.6520685076,113.658038101,8.16333239032,2.21735232366,33.9770675054,27.1565670979,10.186854144,2.28774690748,3.25202912429],
 [41.9721317369,96.6693590862,11.1369026244,31.2565098338,133.598873992,15.6364862637,2.77413683097,12.3925569097,2.91084541199,0,6.57717815408,20.580395144,0.941555139471,1.12059210094,9.76954031929,322.209653728,10.3209225112,8.69334999042,0.918903606804,0,53.0127982946,8.16995587802,16.8112620263,6.55832868157,0.913664715546,5.4791285794,9.57718135386,7.41100759544,2.14962067706,1.09425821315,0,11.7363912956,35.6224110721,7.13283642175,4.26432686181,7.69646242364,0,10.1920171346,1.21896565586,41.3168835259,91.0768887354,11.1620462995,124.118116787,8.50499112741,0,30.2753439419,23.0185777071,11.4836095329,1.8506422849,3.75447032023],
 [41.0806678309,74.6698088913,10.3518437679,29.801312094,182.204100521,19.4209799496,2.69247885774,13.2230579295,3.2333000083,0,9.48108631739,25.4891972418,1.03632353577,1.01189188723,9.04570130103,285.248068726,11.5327738272,8.16285414717,0.679514927889,0.950660188586,43.6177159489,7.99465387919,20.7334154255,5.44076262421,1.01742374497,4.77655248122,9.26111158766,7.95597443574,2.25401994684,0.928880293203,0,8.59889999868,34.5536047863,5.86259267379,4.00661822753,8.71217251266,0,9.51638273236,1.02019942745,43.1893108723,77.9752063371,0,101.095866424,7.8533734102,2.25186900404,27.8821409434,31.9369745964,11.1740738802,1.80861295885,3.69281265876],
 [0,89.9467401418,10.4046351043,31.8173731593,152.556590833,19.0938465871,2.95433877103,11.5418993302,2.86456584413,18.510742137,8.62049886884,24.9138910077,0.999276536634,1.04965047609,10.2944894293,252.329773418,11.1187324673,7.77307764683,0.922372273565,0.819485903625,42.4737082047,6.76998323819,19.6917684193,6.36179133813,1.00776250585,4.94524660474,10.3421667486,7.65903826613,1.87376401035,1.01685626055,0,10.9621475558,40.9048080154,0,0,7.54011021928,0,10.7942695608,0.944833787775,37.0741675618,84.4508071385,10.979750147,121.980762848,8.35270214247,2.25390639796,32.6972316845,29.8758386747,14.9442211941,2.36178261548,4.163181999],
 [0,94.5384652879,9.17304307506,31.4739262023,156.766040244,19.2719624133,3.2551208605,13.5375018982,3.15359496671,15.5807792397,8.80285501093,26.9359432719,0.810396956748,0.858178582328,9.36628519205,293.18284385,9.73942952328,8.27208604543,1.03343886912,0.974207610144,46.9488900331,6.33661029226,22.7500689752,5.92337577394,1.11070174655,5.44987371285,9.28127042647,7.84943305769,1.90031862848,1.08175475629,0,9.78232127947,40.4373053571,5.00045508476,4.16532224894,8.2910262296,0,11.1237200648,0.975321719433,43.9444951236,81.4221677674,13.4455214186,114.240932448,6.75298194562,2.92031383066,36.7979746991,27.8909383487,13.779308115,1.94219684991,4.09757578334],
 [41.3946875536,83.0557933524,11.0595261843,34.3723860835,169.16797116,21.7758725445,2.6196732169,11.0844452447,2.79310281693,17.6305122294,9.32546247186,26.1032143917,0.99396387288,1.03614207258,9.58063118898,0,10.9916799804,0,1.00955631323,1.05106350552,54.3054689101,6.74983975291,17.7045335781,7.19116839451,0.986544644984,5.32781572108,10.7867254073,7.77827016107,2.03146161293,0.944273953016,0,10.9727002863,38.6733580055,7.07549284917,4.50504151673,8.18724776993,0,10.6588183626,1.02928334339,38.9693611756,80.2894994125,13.1791784571,120.829894192,7.54078953581,3.09410482395,35.6433767014,32.7346936387,14.2627390981,0,3.39050416779],
 [24.8015336076,81.7071003819,9.18396331043,30.9480696056,147.502693255,22.0941500812,3.90933167367,9.73851512448,2.98536299052,19.9262973977,9.27036541235,22.4821710602,1.17537356105,0.97197564831,9.1737087377,255.591466088,9.80725810597,8.30244673664,0.926186626228,0.925387670743,56.9452596471,9.4900623729,19.2211882428,6.08308979743,1.02514207203,5.06802024089,8.57877575993,7.45669164502,1.85282944966,1.12775008216,0,9.59038508702,48.1311490236,5.96990711775,3.58116860551,8.37622760325,0,9.20371558755,0.998147229018,37.8841884772,90.5610986086,10.9578549177,113.210207639,7.86507429802,3.16808667098,33.085821582,30.4892176606,12.2911431858,0,3.72980559027],
 [30.952598717,77.2855927365,8.04777069437,23.7368560382,151.071965945,23.2893014692,2.91990159651,12.7126474985,2.95251324013,17.9208565959,9.51381298716,25.8312217582,0.966328967248,0.972256591711,10.3880117907,310.246695429,0,7.02981299451,0.96545890272,0.866128477829,48.9318058167,7.77687763586,21.3058596674,6.23652818539,0.860838325617,5.00724676426,10.7256517673,7.14425578924,1.91938489117,0.913238153741,0,11.9950727052,43.1752222008,4.93220781107,0,7.28048556515,0,0,1.01197941664,36.7567016191,83.5537769213,12.5040329252,109.528148155,8.21145953537,2.95068477961,35.6565063739,25.6262822396,14.4281058387,1.58813096483,4.17191718321],
 [0,88.7769466826,9.82348937111,28.0493887152,187.714265784,16.2025730918,3.15333430293,13.9309813803,3.20385233853,18.5136949601,8.68116105128,25.351537703,0.954509275233,0.818330747882,9.32938644833,338.579731542,9.35115489631,7.97207108021,1.0800930379,0.94672739605,50.2022155508,7.95552535044,17.8779011091,5.80877355757,1.05181073832,4.98437108789,11.552894791,8.96504853599,1.83773401028,1.03465342345,0,0,49.2946566832,6.2770980382,4.64038964333,7.36151727745,0,9.3531304796,0.949292285411,40.7959571525,87.0614859731,11.6094089181,119.492730321,7.12174448519,3.16716781519,32.7580099544,28.0696943039,13.2094105123,2.0552945599,4.04736030633],
 [30.4239854051,92.3494578445,9.99509602334,31.3671660893,143.754192578,18.2763735417,3.31792058285,11.2490391469,2.5992660272,17.9161473266,7.52623616722,0,0.910456716503,0.827519859294,8.43261956243,247.76527895,10.2410263951,8.37524302951,1.0899149385,0.92675148152,54.1521383338,8.94647548633,20.1361767309,6.36344980495,0.994848378158,5.25319783241,10.3457062858,8.95661636759,1.87941256992,0.744261801677,0,9.51643185293,39.1609070016,5.9504253542,4.00195074284,7.77386671476,0,11.0395396938,0.936022447339,39.7017034889,83.9798641562,11.9894894009,121.982781994,6.07339167374,3.0896777116,35.8703563458,31.5978729467,13.1833645487,2.1346487649,3.6439506844],
 [44.6945790004,102.255539956,9.96628325919,33.0772802221,183.820804665,20.2878460102,3.17513725377,10.0308382397,2.52664988545,17.2673582627,9.32035944087,29.390152115,0.961287527969,1.00227319945,10.7772365112,288.600694131,11.0209705399,9.41985160121,0.795579031668,0.885504477414,55.0405528439,6.41820755299,20.2751765954,5.40049424099,1.08554123217,5.41579706802,9.80524503129,6.59847045504,1.78698694409,0.766085028034,0,0,41.1023852421,6.50461769769,3.76554340217,8.40056718024,0,10.2917560257,0.75397461744,43.904847918,98.3309648461,11.0445467066,97.67066477,8.44995750105,2.60337550887,28.291408219,25.9755857593,0,2.05270095415,3.04199587614],
 [40.7792277437,91.1186775718,9.51380154621,31.8878337317,147.647380861,18.361743554,3.26237693515,11.8763496485,3.24045556531,17.4834264551,7.50548017924,24.3488486517,0.8866009856,0.92716071854,10.0218794594,268.532220799,0,8.2683647029,0.939578406976,1.10376633492,42.7701751529,8.75974721223,19.2337546398,4.99711414869,0.858152152714,5.6603519172,10.2458149033,7.4008778183,2.34008253002,1.01492425296,0,8.50644838962,36.6400756888,0,3.08661380399,8.23425097452,0,9.99697234703,1.08180301544,34.8487832754,93.7823807052,10.9566420611,131.964429083,8.30413425333,2.96202512369,37.7128030572,27.1258016174,0,1.57590046897,4.38288481682]]
