[560,1125,300,620,2100,431,68,328,47,122,322,196,41,25,425,4260,416,115,82,22,631,132,420,86,42,103,215,81,91,26,49,420,316,72,71,49,108,116,90,738,1811,430,3060,215,58,296,620,418,47,81]
[800]
[[40.5799176464,100.347504397,10.3408816241,32.2066314528,129.068790804,19.3034579523,2.81953663761,14.6729113459,3.43241164957,14.597370186,8.82080505648,25.0228705011,1.19859544555,1.04123987255,8.11247943211,278.922973982,10.6434376607,7.42527292806,1.01453432786,0.93456071818,47.154439599,0,19.9906771336,6.45249760294,0.932363245867,5.24328429691,11.3101071897,7.16414248061,2.13505675612,1.04695197083,0,8.56019616578,39.5201829931,5.43701897451,0,8.44572713577,0,9.52211979164,1.02973669594,39.7660534011,78.4729098009,10.7127680154,131.451993522,8.78780715464,2.66773507863,32.9233116702,28.713924723,13.9824532019,1.71163401008,0],
 [41.2088929038,92.5778362537,9.91956086359,29.7651649651,143.220635157,18.9595716309,3.48878715077,9.51642040674,3.13551861564,0,9.30481572846,20.5817702153,1.05427593602,0.907086844908,9.80959303535,301.665747235,9.22303255814,7.25667959566,1.20219259956,0.971416173486,44.8540739731,0,19.7848107426,6.64066611918,1.04609577671,3.70324998567,11.1144930889,8.69971508815,2.22548675202,1.02067933108,0,9.36662879092,42.6270983584,6.01266989217,4.1896516078,8.68941694356,0,9.67809971052,0.945655240708,38.5721281383,70.9146550989,10.7137024438,114.784339604,7.83379888484,2.66127928499,29.3006627601,29.684212332,13.9993116119,1.75307210053,3.99948754575],
 [39.9560804347,76.4826268829,9.10133654404,28.7316110425,175.775707123,21.9434871184,2.96072130301,12.1989721382,2.65804213786,0,8.99025757985,29.0421435031,0.926619296698,1.00175441289,10.6530191909,292.012659507,8.31152443552,6.71340173509,0.922695291196,1.01055143793,54.1376439515,7.51081691788,20.1830602635,5.95992016592,0.94855729831,4.31593561281,10.084023718,7.52522237391,2.02375350829,0.818843327078,0,9.98865860737,44.2857117679,7.20074588047,4.35648409909,8.40071521501,0,9.14713363874,0.847867258802,35.1585187785,68.2644888672,12.1905724154,105.881344392,7.52609985717,2.77983191875,34.1255402449,32.2465727374,13.1648099122,1.92221230006,4.06335122134],
 [43.2728342915,81.4702488988,9.09479449693,28.0019186853,157.587608551,21.1734105542,2.64855117201,10.9021205813,2.81245858232,17.8100382686,9.98198784212,25.1831899208,0.968192922373,1.05922551968,10.2990380873,241.015083618,10.0103636326,0,1.14002963966,0.905118443828,50.9778505093,8.52186922848,0,5.88510526726,1.02388504477,5.00828393763,10.1455601413,6.56473173021,1.97341069968,1.0252722401,0,11.5267359155,42.5676788078,5.90807589678,4.20201016803,0,0,10.7897122282,1.02012566486,39.9850479532,89.3040568452,11.5358897426,131.186037938,8.31570516178,2.66163483355,25.8862126112,24.1478345049,12.8509415148,1.89529333828,4.27514276412],
 [40.8096364858,94.1931976266,9.14254566558,27.6200800523,169.602829404,22.2991789725,2.98447105851,11.5877572668,2.6706566355,17.0229267898,10.0614795781,27.8696973741,1.04669707191,1.16731636424,10.9622431692,272.788193267,9.06255058988,9.08679152424,0.849665239504,0.961057456191,44.8196555467,7.73760782416,22.6454709454,5.43700049088,0.86014955507,4.9325772459,0,6.99263848775,2.12299713289,1.0542786834,0,0,37.9903847297,5.15999651302,4.26556903735,8.68520736359,0,9.91803615252,1.14922192646,44.2423997901,94.8844797766,11.6800491391,129.568192984,8.50844938373,3.28824670343,33.5986553207,31.0219357007,0,2.21535940156,4.75127067491],
 [38.8952291721,94.8187280021,8.87791376901,27.7583583888,165.089009727,17.1261228764,3.29190760176,12.3060644711,3.04253175294,22.7263997332,8.80345114346,20.3950553608,1.05696689153,0.798102057858,9.95887604501,314.897213193,10.5002006264,7.69211896145,1.00674462319,0.790117953161,51.0274023998,8.07405090216,20.9746423963,5.15427662398,0.972733573761,5.16166875315,9.36092089385,8.12925091506,2.02459641197,1.09335578036,0,10.9493498057,42.0320712783,6.3300831823,4.04851722921,7.26550701684,0,9.46171237395,1.00174468783,40.9195071015,85.6126317183,11.8527133285,129.597116717,8.37374751178,3.16388078642,33.0851400658,27.9447148094,0,1.8751029762,3.72370581881],
 [37.8442777852,88.6396207703,9.37496859156,30.6809941831,160.574103961,17.8360337586,2.72415745768,12.1133551229,3.31245341589,16.5683450587,10.4812309242,27.5658362224,0.991038321906,1.15049640092,9.13466420208,0,8.92404593075,8.04448697257,1.13977643127,0.866555265834,51.2589787759,8.3192991289,19.6764759578,4.3393457327,1.02175030564,4.9552053645,10.766981969,9.0440054411,2.0210247739,1.14787179583,0,11.3008871313,42.2008700684,6.39464394121,3.57291765415,7.23091673078,0,11.4099233294,0,45.5666758382,88.9843738135,10.2633375293,123.349266836,7.93062565065,3.00258443889,27.5575176273,23.2425458482,11.2095047589,2.01966544629,4.23755326668],
 [47.1707319293,87.1631720655,9.00233186872,30.0220560592,164.510335328,22.1109084948,3.32133798742,11.4165398126,3.14231043959,0,9.88209315039,26.1806688181,1.08074808526,1.01660535856,9.92424670594,0,10.1057863643,7.35630809695,0.916303688238,0,50.5937967821,7.52240070897,20.3037059617,6.91679121318,1.28951623268,4.78661052833,9.4041393354,7.62724467913,2.18186464801,1.0325960624,0,11.9585417126,47.2394722663,5.36933577786,2.81046899794,10.3647628648,0,10.8437758421,0.91696672195,38.0334542953,76.9105564526,11.3728078843,131.674576388,7.88412790135,2.83050033061,38.4396718446,28.083844202,13.2306425302,2.04682498449,3.54560495457],
 [40.4162640244,93.907642401,10.1923459325,24.712892469,168.275642877,20.8822897701,3.03711006976,11.8551831609,2.57794933859,17.4025804467,9.12281956938,26.1534440706,1.00460216688,1.10674540956,9.90713491979,272.589253071,11.003044592,7.70157379386,0.996753419313,1.06114989934,47.8480475316,7.87263119252,18.3072290953,6.20311584976,0.992134464407,4.95747904518,9.82655594247,10.3313592655,1.9643562586,1.09464932296,0,9.23568543041,37.8358850243,4.81163044867,0,8.31311171801,0,9.87125701518,1.01633429678,40.2241339223,81.0281191838,9.51504869459,114.110474805,6.54608739421,3.51210267287,32.6093774374,23.9058972666,0,2.01968162733,0],
 [45.8191086578,102.167259516,10.2065731512,31.3654181344,172.21081132,18.9691196937,3.64200055092,10.1113050634,2.81380073725,0,8.08305345695,28.1941463128,0.97258120153,0.941607210188,11.0946377519,263.550747003,0,9.98869656361,0.945187570156,1.04492008293,56.8003630132,7.7654902568,20.5763011483,4.99392614768,0.865188135432,4.55631722424,9.66685389589,7.7649866327,1.95357370822,0.938670322796,0,8.87327697582,46.2519927975,5.51252724001,4.78599158091,7.77041109443,0,10.0007388433,1.07994442125,38.2316568681,92.8688155895,9.41274166408,102.892494033,7.63421996404,3.24985519838,34.9945294093,26.4952936589,10.7395482816,2.05204757118,0],
 [34.3744053256,77.4242102221,9.66196767911,29.5419059876,153.740118826,21.0238438247,3.33694201259,12.1036447468,3.00710583844,18.0272619439,7.86963152059,22.5974128287,1.08301513272,0.824853405174,10.0872745116,270.400469185,0,0,0,0.819087715562,44.6107411583,7.75828754672,20.4126791517,5.07022882924,0.803850659509,4.77642359142,8.74464740912,8.99083093286,1.92143152525,1.08872974714,0,0,42.6002898717,0,3.99789703616,7.54597653143,0,0,1.03523737882,35.4063820297,101.067126336,11.5975596493,127.331062525,8.40222203261,3.26882215115,29.8879060704,28.1479869842,14.1200353451,1.85942495681,4.63933094721],
 [40.3050368926,83.6349260677,10.4051044373,31.1593696434,148.165282577,19.968579507,3.18835356721,12.2873790701,3.27883852196,19.7275378776,9.00676461101,21.3298246872,0.972513639552,1.00091438219,0,224.417568684,12.2113765987,7.66389544032,0.851455709309,1.07335170663,48.4158532024,9.27000282431,19.1043758204,5.19236972763,1.00932278783,5.17076328194,8.32352252469,7.72473421529,1.86217773263,0.970776898421,0,10.6064779281,36.7530484491,5.60007587168,4.4663314443,8.39844779119,0,10.8141191181,0.928606456583,34.1967892027,78.1147151995,11.223244154,139.584226641,7.8367426426,3.06348383102,31.1871893269,30.8889526565,0,1.96430319437,4.58318818721],
 [36.5598663638,101.518810004,9.98324426512,29.3713980685,0,19.885767176,2.52128375513,11.7055139031,3.33375574918,20.2683525222,10.8429383996,29.4197287932,1.08774648737,0.79667882357,9.77563955528,288.639737882,9.32966698235,7.63291263631,0,0,53.0780606421,6.57864791822,19.2936595115,5.10995884391,0.931508741313,4.75412528904,9.58122227166,9.6687253807,1.83900227004,1.05928509158,0,10.2057749747,38.928244942,5.82243386054,3.54353240257,8.19851137028,0,9.41670169882,1.02716751099,36.484500758,95.6002767239,9.56576407569,133.208003559,7.65318523148,3.03013742665,34.3621606852,27.5017164903,13.5702291162,2.04866583917,4.81921563246],
 [0,95.4092613886,9.81357070493,32.3783763417,141.203315453,21.6880214808,2.66957668286,12.9464143239,3.07799695842,18.6027559817,11.9582874184,25.6556974448,0.813381584964,0.850347551734,11.4887249473,279.16744435,10.0416177119,7.58412501579,0,1.11390386055,65.9734221652,7.93002001176,18.0086962401,7.15445692963,1.1362757593,5.38507739488,10.1783448848,9.22103537529,1.82745945862,0.994814037912,0,11.9502638726,39.3321647431,7.06337354898,3.70647167017,8.38884400862,0,0,0.983836800601,0,99.5473281241,11.0778956521,97.4122746876,0,2.90662500439,30.7930999369,30.009119715,11.921537647,1.83381656501,4.22805618885],
 [38.2429603711,87.5082893663,9.17107104246,27.5954196655,143.422990631,16.7747538884,3.12842417956,11.3573190979,3.57858404809,20.1274085119,7.45271428787,22.100185188,0.976207950205,0.905728461596,9.90193450635,244.592168681,10.4608630721,9.54593601854,1.09447460177,1.0696818892,48.7087228979,8.23780469439,22.9324806125,6.59676167825,1.0050730288,4.66997670724,9.87743222181,8.29077823399,1.83154112105,0.893198296374,0,9.63926145266,40.6321381642,5.27374108941,3.3454476319,7.49242079979,0,10.9082975792,1.11283250154,34.3149235938,94.9752725872,11.0776272249,114.367977765,7.90796606358,2.99765471295,31.8004997989,32.7916468924,0,2.33125442387,3.77065145689],
 [43.7055050291,86.11844322,10.9320908998,28.8741831453,160.005094436,20.788224815,3.20249895365,11.5775734538,2.69749856126,0,8.70048141361,24.4567122123,1.05879708083,1.02860108421,9.58392515371,308.686179678,8.28288317602,7.58871724708,1.01049662332,1.19696483605,51.6191074985,7.51319080229,19.4566486181,5.81099697701,1.02700929446,4.65113779099,11.459225228,7.69116755945,1.68218622779,0.93055708049,0,0,44.2063301349,6.66330674856,0,0,0,10.0645248501,1.19134373038,37.6807060836,101.092630715,11.3700203212,127.87609239,8.61553170895,3.32713922647,31.61198268,23.7148410425,11.4438900847,1.42391089563,3.40200997176],
 [41.3472691171,81.847546051,8.73002532359,25.9637659515,140.605981677,19.7940572459,2.59559757241,12.1668751601,3.07680987366,18.4283556443,7.93850428302,23.0906155094,1.05856420302,1.15906654177,9.1784216064,339.512667678,8.07072557504,0,1.04638213811,0.941020310149,44.7255688721,10.1127413145,21.4296666513,6.52509444012,1.06540561356,4.12600919433,9.42688990343,7.79899932669,2.01027913247,0.905497405736,0,11.1947838489,55.6559669861,0,4.13842611293,0,0,12.019660576,0.980865152951,36.0043226704,68.4688930418,10.3865751137,121.739856454,7.78837946506,3.5644983759,32.0109683709,24.3704724508,11.9951960484,1.99902739714,3.32184662936],
 [37.4951964483,82.7580024972,10.3351783909,28.6673366313,161.577265565,21.7332527562,2.77506451509,12.5896667729,3.28324787796,0,9.51461508255,23.0608144418,0.983295329441,1.08605117513,10.3022329281,287.263024772,8.99381097485,8.43367926247,1.03967382224,0.895361094497,46.642686647,8.91613234333,21.397618932,6.29715056283,1.10347314512,4.68401463465,10.807095088,6.35652400205,1.7471198813,1.07748336105,0,11.2132728381,35.8781483837,5.28364327333,0,8.40832906938,0,9.49562038153,0.977903043804,39.3901138973,97.0259882392,10.2398567699,139.321564646,7.3703101153,3.12726666637,26.0974319227,31.5851237921,12.1039621036,1.46048006119,3.75563825065],
 [36.4648776847,88.0618756057,10.4356348628,24.8485664416,184.605285599,18.885946069,2.77908598145,11.1218554603,3.24035194663,15.5810224904,7.61245316857,0,0.965119353898,1.02135330714,9.73331431382,275.9054794,10.5562244884,0,1.04849890244,1.12606652603,46.6440401969,9.4065082655,23.6498088639,6.56235358229,1.02492484559,4.41336261614,10.5493632406,7.08764858437,1.92219408235,0.970857213329,0,0,0,6.51178774195,4.01642085554,7.61943713665,0,10.5524657744,1.13601256858,44.2014850483,88.2340058234,11.8967384281,124.185035463,8.36929287999,3.08272709659,34.8883648417,25.2283245682,14.6485823316,1.9561318187,3.33594416206],
 [39.3828042048,100.219816594,11.4662496886,21.5099224963,157.136641709,20.0495645626,3.01783018799,11.791260733,3.23442351972,17.742410641,7.46700924626,23.1754756639,0.806772445668,1.04873174888,10.0447101082,261.855792428,0,8.12616110865,0,0.975351382908,49.3428761381,8.92047426317,0,6.20577962768,1.13708774372,4.99747335584,10.2491604143,8.60669422047,2.12022823888,0.958248109441,0,8.21089055338,39.6985045762,6.38278794664,4.31596388513,0,0,9.19008948504,0.85595981373,45.842039334,78.6702098442,9.83388019016,118.997860765,8.60508097257,3.03790777547,28.9988033353,28.3101353366,14.8571728025,1.69627238123,4.38054109488],
 [44.3305044741,92.035128488,10.1179933975,32.2409592341,0,23.797093752,2.30361857839,12.7388125421,2.5227555552,19.5515026067,8.23253076436,24.7167566107,1.05996233368,0.977272004466,11.219827555,311.984945497,0,6.79425085386,0.982085977511,1.11548230269,47.7718378011,7.82772088607,18.9192840444,6.84920536627,1.03916297623,5.24730226137,10.6307089837,5.49696890774,1.95381940407,1.07183270408,0,0,48.7837608604,0,3.61281557707,6.1835011498,0,9.63737299299,0,43.4741902781,93.5385869915,10.4600573123,120.833377047,6.57351733431,3.09699787632,32.9544608666,26.0189085471,15.8467320038,1.94043004658,3.76873232951],
 [46.576569166,86.4738748072,10.4779393148,30.0001603541,153.137520435,20.6852616922,3.02727489625,13.0786368326,2.93085161027,0,7.6777038824,22.7224978769,0.965884764325,0.921111822005,9.52936219408,310.976774719,9.92107665422,7.76472430876,0,0.946271668036,45.7227056702,8.52860043445,19.5103077417,6.87603150737,1.06764682701,4.33407191646,9.69559270237,7.06679215428,2.1419433826,0.886918250122,0,0,43.0141884594,6.85455887066,3.19394316935,8.34833229812,0,9.8228344566,1.0934244412,37.7569553057,70.9645436273,9.88593703715,116.423478996,9.09954040242,2.78044630279,29.5426922179,28.3305214398,11.20528789,1.87226262108,3.85280036082],
 [50.5253315771,70.9754827713,11.2063396674,28.9800747471,159.104019891,18.6204203251,3.24541680137,14.6209439023,2.56266155131,19.6181576583,9.03821181654,23.0393196978,0.923818114378,1.03585639718,9.77767550701,273.332364298,0,7.58905926836,0.923740492388,1.04110749273,41.584204185,7.91341543884,18.4243124543,0,1.15676205739,4.63402417817,9.34622485569,7.90704541225,2.17975236943,0.896703424246,0,0,41.7380427064,5.75251302905,3.55024605702,9.54790793502,0,9.93518611076,0.781948007846,39.5455789233,89.6310583314,9.29736257627,125.507320002,7.34368416933,0,31.6713846743,25.1352142942,13.5794473852,1.86455607469,3.72427334236],
 [42.6911501309,81.3136813588,10.5354261719,34.5847074375,0,15.085031719,3.14827386992,11.5366883799,2.93346262883,19.5683883098,10.4149215068,23.4743474044,0.849226334039,1.0266019856,10.2908467431,241.357539965,10.0513763672,8.5022122234,0.95702463813,0.929754613734,44.4159362958,7.2606276114,0,5.86164068692,1.0302767509,4.58929670361,11.3288252279,7.32078669498,2.07632922884,0.946185067722,0,9.46557313092,45.9388012384,0,0,8.75723536123,0,11.0186856959,1.15134329207,0,92.6772667372,10.2169456621,114.069093148,7.56979770429,3.23862906762,31.1967995234,29.07275569,12.3505727858,2.20307794379,4.70518293412],
 [38.4613981331,93.0641105952,10.4930297989,28.8649077594,180.73971152,17.3317822528,3.61761146074,14.1405819256,3.11554966213,16.1302221456,9.83332500746,23.6548094132,0.984053680705,1.10072242926,9.92507731723,247.751205376,11.8364755169,9.99445076203,1.01797121424,0.877671853594,35.3812375839,8.47567909676,24.4051999416,6.35849432914,0.97084318764,4.42288470983,9.77737185578,8.9388542534,1.93676583126,1.11901808648,0,8.8096533448,42.2267595789,5.87619435603,0,7.32402497618,0,0,0.868581289531,44.4645642264,81.5909580148,11.3076317217,133.998301985,8.9232021314,3.27098791036,34.6369260805,30.5569301546,14.3066510188,1.95812428051,3.83273396788],
 [39.142493516,98.508721256,11.449706553,25.981070861,142.86964648,18.901888194,2.56991526698,12.5210164668,2.74675672743,19.8076362119,10.7545371074,28.7778050724,1.1035305798,1.04101995959,9.13063763429,267.457811502,10.4088363427,6.34320056507,1.08655924437,1.02589248505,44.2431610784,10.0566514839,19.4646168965,5.64819552372,0.987931129523,5.2051177629,10.5385182669,9.19523242576,2.3573455302,1.07862485762,0,9.65522008036,44.7748882119,6.13895866246,4.08881228388,7.65517385035,0,10.8511864841,1.03088829629,44.6724776823,90.1899669905,11.2003201144,115.892139656,9.28464318566,3.16989357331,30.4156316765,29.5704083269,13.0962938248,1.82663643383,3.49721871426],
 [36.3174002107,89.6766893745,10.138634189,32.8963068924,148.435390393,20.1103900186,2.97214821602,10.3695385772,2.96853517699,0,9.60570886898,24.4891333341,1.03411897715,1.05210455651,11.0038893772,320.761154455,10.6844053703,5.32528987045,0.779599321955,1.20230180231,55.5082653009,8.45675373613,20.1479424117,6.23911813248,1.22265352034,4.21158648211,8.31381528567,7.64202004666,2.15045333564,0.966014797524,0,10.6271534192,36.122901205,6.03361578299,4.25453428384,8.28204117714,0,10.4636481455,0.990992624238,36.7397591969,93.4665021066,11.7785011771,99.4756799059,8.4056023342,3.01656529886,32.938769225,28.7098182953,12.0477826675,2.15378167863,3.618177101],
 [38.930888741,111.899429224,10.4377305084,33.3226129404,193.94315894,18.342967813,3.24193647784,11.8509651758,2.83241205087,18.532086164,9.2832134262,25.3864823411,0.979934878881,0.957950881512,9.12348152185,264.704756372,12.1292257833,9.25366572149,0.898071957161,1.09376681237,38.6964340247,6.80142664243,21.8641200749,6.18475612142,0.986542327133,4.94615905784,9.68401839485,7.26321468406,2.14334592474,1.03400772442,0,9.2854287549,38.0119031336,6.83757973474,3.73543114165,0,0,8.63220787428,0.959081490644,29.8898245121,93.8177129428,9.50814871187,116.531235211,6.98103174844,2.94702231277,30.2136667438,29.6944201135,12.9053290847,1.86184437475,0],
 [40.2351855685,84.9121545214,11.5885070923,30.4591656239,167.840486228,15.4038577071,2.83433127743,12.6387782143,3.26906087272,0,9.29849208804,27.389507652,0.886454041634,1.10867439787,10.1557354272,297.347068952,0,8.75119863259,0.811656426288,0.965300344477,51.6979777062,7.92661301835,19.7032243453,6.36603286383,1.04439916274,5.81784780547,10.4144436983,7.6986651871,2.24661899945,0.844749974367,0,0,40.3047534979,6.47020082204,3.64140561286,8.24266969912,0,10.4522833048,0,44.8835611008,88.954895681,11.2854911134,123.015225214,8.29020105224,3.06211696663,29.3413801589,29.4870694318,0,2.1522176584,3.70670350929],
 [37.4608688918,90.0848277772,11.1164711622,32.010877691,155.83736111,18.652665395,3.19292208724,12.566697393,2.96640128855,17.9922460558,10.6434211297,28.1939219075,1.12243094119,1.04029085143,7.58045705144,291.390730353,0,8.93890829567,0.972323879754,1.00517677462,44.6706200768,7.45685041651,21.6976209554,7.58285512183,0.984281851992,0,8.5606959795,8.16904287348,2.11499445223,1.07588691685,0,0,43.6700064344,6.26325262941,4.25603335923,0,0,10.6722084597,1.00257693324,42.8067946145,77.4660277003,12.1068803539,131.341495595,8.0999415659,2.9810011048,28.4578517705,0,0,1.61996008499,4.07451442356],
 [40.4691791881,101.266102189,10.5563935845,26.5198279103,163.555910208,21.0730554562,2.84766292035,12.5275379744,3.01454607649,19.3166187447,7.33412650812,24.2252373839,1.0184878725,1.00082919416,9.79475660131,295.682686141,8.46206370838,7.60863285706,1.00131414972,0.904994757514,50.1011053015,7.54054208445,17.1625574454,5.78823596186,1.03277448385,5.15321022588,8.7566453567,8.45381371301,2.18444173636,1.04597938389,0,0,0,5.24800195616,4.16865298797,8.07941856623,0,0,1.18452290344,44.5217838688,85.1713613616,9.45161624789,113.888842234,9.06601677487,3.16967174054,29.3073893199,25.8308104059,12.744569321,2.12853691843,4.14847319804],
 [38.9909831469,63.3964283426,9.65410157887,32.0460960114,145.770960754,17.7449629783,2.95862045933,11.7768709101,2.84889317462,20.0277115743,9.65478289603,19.6579750802,1.14803305118,0.951814485243,9.54812859921,311.087281186,11.2102007294,9.06717374574,0.810528997894,0,52.9330282438,7.55918209377,20.5511166054,6.42538902976,0.980320792599,4.77808331352,9.77682994912,8.39217376059,2.13876379997,1.12948927554,0,9.15019556784,45.2741351407,6.11048813788,0,8.0065664578,0,10.7893285785,0.970836206291,37.5916151472,100.954274197,10.9993397785,113.108695178,7.18033134592,3.36500587945,35.770167621,26.2651374793,12.518861215,1.90687636749,4.00306046138],
 [40.2546612474,102.379726911,9.54336731088,32.187975414,133.741553541,19.1101605413,3.35682051897,14.3802834876,0,17.1898338599,8.61129816884,23.1723487131,0.991932318371,1.07400487269,9.18609022756,219.527563207,11.1369496675,8.55142948212,1.01835711773,1.14778933389,47.3039247216,9.08839507984,0,6.32018978283,0.951505683293,4.5855818193,9.67838005313,8.40364717932,1.87111746341,0.950770971766,0,9.59654755221,46.7097335926,6.31359585644,3.75198128763,7.5576781673,0,9.80912783401,0.866770303625,42.0346846237,78.1368284971,11.2063355227,123.861441308,6.86424357691,2.76730472206,36.9433522197,32.6832186902,0,2.22444259874,4.72362985751],
 [38.8340023996,84.3751416173,9.17332714352,29.840399934,171.203678803,15.0211271703,2.97719504612,12.6364888981,2.52016217949,0,8.12884540245,24.615820968,1.01915140696,1.07987142013,10.891923281,234.805457096,11.6389145012,0,0,1.12500412984,47.7156229211,7.18861612856,21.0692684799,5.33392748021,0.929136989067,5.23407417563,7.84258642084,7.2235700379,1.87973223834,1.01024843209,0,10.0711470028,44.8402936949,6.03197826641,0,0,0,10.7302646149,0.88476550161,37.1921766772,89.007364917,10.7140842365,128.618926028,7.73345626067,3.42510381731,30.3681368621,28.6266596365,10.4333564393,2.18941153899,4.09422897525],
 [42.1123362169,98.9177013471,9.7924367434,29.1922142413,138.947060038,15.4212501719,3.5878680073,12.584068258,3.03210515489,0,10.5773334847,25.9213858941,0.809274885047,1.04916493954,10.6764028856,322.286673651,11.7717774382,8.10800775847,1.05374546322,0.910106487505,57.3919808405,6.68050350663,18.7710026974,5.1285741601,1.0353042596,4.17265326108,9.68923643979,6.71097799698,2.3094264734,1.0688093996,0,9.12536600838,43.2434047212,6.2360122058,4.20027335998,7.48055517112,0,10.0023659887,1.05925378589,40.0355513301,81.4092226476,10.8613236776,110.290288274,7.8653193528,2.81868266934,31.2947290801,25.8432450694,11.9259011789,2.00083248533,3.72811365735],
 [0,92.9604897484,11.3343276919,34.2085812966,160.12702198,20.5953952107,2.96463367284,12.2696143122,2.94053353261,17.9514201897,10.0367189469,25.2157551728,0.83561876094,1.08357227455,10.0699691887,282.750020357,9.76905930346,7.71829434668,1.0388617046,1.04144980775,47.6683024794,8.11277559539,18.8101996051,5.51671716171,1.16992764701,5.03667629218,10.5338644535,8.81741130737,1.74285322118,1.10881853101,0,10.5068373379,47.8571712242,5.43582930783,3.82438004397,7.17162433011,0,11.3246283558,1.02130843365,35.5357364503,81.9760710707,11.4791906581,130.636035183,8.34783512942,3.01340315625,33.6635122464,25.2791878452,12.6865298111,2.06772633368,4.9544619493],
 [43.5262101191,88.4909357349,11.0645712895,30.2326567792,160.67117754,20.6444634474,2.64811873249,12.200253474,3.34021594417,17.7526999285,9.91810416073,25.7269713798,0.897258764667,1.08347287212,9.39045645556,247.772930674,9.57875086448,9.7517407992,0.928296676597,1.01657159968,44.9172369421,8.07242197123,20.6655043469,6.33152444277,0.970716929358,5.76374230105,10.6594939623,8.037841753,1.98800802488,0.891290634157,0,9.68504698905,45.6324106601,6.91180064573,4.4047882954,8.7871542978,0,10.2865071467,0.918113177074,41.2392869861,97.3520953032,10.3957934947,106.761945893,7.36862519636,2.28399674334,34.4772955463,24.2614699089,13.9130212227,2.12705605105,4.29587975488],
 [44.0085617633,89.1516024036,10.9783361354,25.7041443606,166.934548455,19.5671603466,3.09482957774,10.8111431982,2.81160851987,19.0794788486,8.53555627838,23.0735626648,0.809968661564,0.835709703551,10.6315084351,300.713765149,8.94561595246,0,1.03889062622,0.829830766301,40.5123413208,7.85027943123,17.9528990342,5.70695986748,0.95266049525,5.3521071263,8.75506034199,7.80983258164,2.24431050459,1.14392849279,0,0,43.2312887991,0,4.18719647046,7.57191239568,0,9.34080158146,0.949514441687,42.1233907364,83.2182576664,10.1751020314,110.651634227,8.45109136877,2.5659448455,30.5032561391,27.7067171471,12.1454090246,1.71108222271,4.42842124552],
 [0,87.473101432,9.89216631355,31.8356261525,165.662160252,21.6459155666,2.96997186203,11.8129828348,2.66718918359,0,10.1261540571,25.7609793988,1.03602499777,1.05102844849,0,249.096505679,10.9142555189,7.70383956254,0.75256543435,1.04619371342,51.4631995099,7.54646870712,24.3841814353,5.0822640964,0.932469623345,5.25759300448,10.4066026834,7.82799856907,1.90617415643,0.988222027865,0,10.0005308972,43.7668896368,6.41869278822,3.79165846367,0,0,11.2022997166,1.09349134593,43.0876278417,85.2391004846,10.2026678139,106.892642679,9.21664309125,3.03935594234,32.9296703666,33.1797156085,11.8124576827,2.16428629726,3.6001085753],
 [44.0210987599,85.4511356573,9.85352408714,33.6301505874,146.703653673,18.6112995893,3.38460735109,11.8121874021,3.04507199337,18.7702288928,9.8411335965,23.9796444437,0.956487717509,1.02355728834,8.47647740039,310.337406787,0,7.81156764957,1.04708519793,1.2048721956,52.4202682168,7.57932063009,19.8136002355,5.47929362827,1.20906243911,5.9004406297,10.2820181545,7.16911519387,2.23891672825,1.22817765117,0,9.76073272827,44.686264116,0,3.57237046055,7.6465437798,0,9.05837443955,0.978506277261,41.9087397178,92.7155407372,11.5595804641,124.677840247,10.2401408314,3.02632621888,28.1875426181,29.4057470592,0,2.12709739362,4.63628848962],
 [42.6065169432,68.0785200957,10.8242958822,31.7702503211,161.27339023,18.531702106,2.83454503216,10.8956500077,2.75702582159,17.9443137425,8.26595287466,22.4085286721,1.07997812818,0.978605090717,9.14890406246,320.402078145,9.5307174726,8.93754177559,1.06062488368,1.0816637412,46.03224125,8.02306937184,0,6.27558678574,1.01860846048,4.85975394775,11.0850673542,8.022444508,2.1572284152,1.02286960641,0,8.68205153176,37.7368241787,0,4.37250855026,7.8421680921,0,0,1.302753408,34.8802646978,88.3426927735,9.47662914689,129.794843225,8.78742533331,0,29.8719051751,25.9188693821,11.3743862496,1.89974245428,3.49095363602],
 [36.488792769,93.9243967227,7.99734292773,29.6306249627,0,17.7469937093,3.50099847284,11.5165933135,2.45536810486,16.161957571,10.2484605322,25.4437288132,0.982631594687,1.02243139783,9.90832752983,297.750616917,11.0676281278,6.60461330254,0.994506487466,1.25719912305,49.1209765946,9.7105170899,20.1787856431,5.88464554495,1.22473940256,5.64418955313,11.1403040996,8.36800033977,1.79673593283,0.921512853268,0,0,41.5735936263,5.84517018654,3.34773988423,7.08355320215,0,9.43113945268,1.04712430806,43.0120288562,93.7854618429,10.516376302,116.63234501,8.05921265615,3.20216998414,30.9078160845,31.3765619455,12.5639353535,1.66508187373,3.95863689866],
 [0,88.6865088105,10.9939576763,28.393974626,171.735420776,21.4420039327,2.95625829874,12.0584390115,3.21834231827,16.7356676504,9.23510152144,26.0534238665,0.86356061562,1.06586532432,9.36722097872,272.827345442,10.3658158428,6.80136967185,1.04534534233,0.776755677939,55.8322737086,9.0277217005,21.9382920272,6.13593839219,0.902951861408,5.80211505032,10.6200443335,7.78751253465,1.82218775642,0.89261377213,0,10.9202341256,36.458159104,5.70540114274,0,6.05778132176,0,9.15058707236,0.915309130775,42.096086606,85.2642483307,10.8510365462,129.468691688,7.44922859437,2.95783956918,36.3742449194,22.770181813,11.2090715672,1.65329042206,4.3298933679],
 [40.4594529461,93.5528243155,8.89306349032,27.510029284,170.729042988,19.3578657408,3.50952419098,13.4042261363,3.02397699097,0,7.32547820294,22.4223290354,0.999442321336,0.990352910133,9.14227629096,313.087484164,0,8.58135989159,1.16102998742,1.28279908666,51.9317235563,0,18.6112795144,6.56404848438,0.940462257324,5.25101702474,9.66902287132,6.74379257729,2.15935017114,1.10844951527,0,8.47951546978,34.5662281881,4.94043121556,3.87716081969,8.34733505331,0,10.662512749,1.14850362045,32.8981971087,75.6765453858,11.1029670324,120.934757012,9.09636389243,3.4030314325,30.8392292014,27.1970307931,13.0786215818,1.95750101124,4.25375255735],
 [46.1628204273,82.3224546789,8.32905276992,24.99421249,160.177050289,18.996516017,3.13397083517,12.3202945988,2.97541117274,17.7114530244,8.75897767452,25.7866183042,1.12359998914,0.971803825235,11.1525505395,272.043358039,9.81906593137,7.91026194804,0.789804194721,0,54.6853445873,8.88866232233,23.1314178449,5.81243817634,1.01116903773,4.96176424396,7.81318365352,7.68024388977,1.63927401194,0.973513510036,0,11.6377861417,46.2872248905,6.40638712396,0,8.02831692663,0,9.66332327312,1.02868219481,37.4999315118,84.7512992143,10.8871338703,128.229979412,8.2654054995,3.21173923011,31.5858721264,24.7704505544,13.1589876407,2.17975928081,4.57310282815],
 [43.4074775307,78.6258880106,9.41971261126,29.6132843037,155.638841749,17.5655486072,3.2018358401,11.384913502,3.24131021617,16.3357183797,9.01516267864,28.1379211033,1.00619204844,0.904336269897,9.4806204473,268.271708614,11.2177133551,7.22959132932,0.934984592768,0.977392341444,50.584106084,8.44184041432,18.7665870874,6.72502314988,0.976117468883,5.3943106615,10.5030168258,9.45180022646,1.69509731214,0.867636036625,0,10.2684432484,40.5729461248,5.58624922272,3.9684758513,7.95479121243,0,0,0.937967481548,40.5199528883,91.8683654859,10.0204342993,122.312788171,7.20854733202,2.83558969548,35.6282590307,26.1899248069,0,2.09157890759,4.00587783449],
 [40.6808275503,90.4036878574,11.3473934941,36.5351795687,0,18.6492652627,3.31473889452,11.4282577897,3.03248763066,16.7233212535,11.125302031,25.9312648715,0.903608120571,1.10318853896,10.6889935975,292.765092359,10.8663970702,8.66699701621,0.980559721886,0.954694912261,53.8497764622,9.83560517966,17.9734337412,5.99394174,0.952077697375,4.67219141626,10.8041311864,9.69927427512,2.12350337391,1.18704974042,0,0,40.0435537393,5.98420372759,0,6.44955189375,0,10.3309829634,1.07805327399,39.7471897132,96.7698379563,10.2456346886,127.216532881,7.06942242513,0,29.218977864,28.9803237771,12.3643220315,1.88097355153,3.80505009042],
 [41.3911732831,78.3652583059,9.25472109251,29.6572418388,156.320913969,21.3137290913,2.73387887555,12.8389091442,3.35279152719,0,8.47002707907,23.3681713141,1.07313480581,1.05866988232,10.1368973174,254.979722207,0,6.67608567426,0.865317212667,0.836008245157,51.6013615326,7.38522725483,17.6741755877,0,0.998205977415,4.76875329762,8.22834521003,9.68672114494,1.94491428426,1.05480168259,0,8.50214189329,43.6033291118,5.68063135435,0,7.9390825044,0,10.3234066317,0.967495423878,39.8271262899,92.5520660023,11.0551618648,143.20140707,8.09349590279,2.76313781094,28.0043465053,26.3351848538,11.7734238826,2.0427996888,4.28306985864],
 [41.8292887381,82.9483975757,8.84497617273,36.0261756731,0,24.0849678115,0,12.0977917353,2.89659251716,0,9.196747289,25.2928267023,0.957676419554,1.0747342203,0,0,9.17115394431,8.33773332668,1.05157586288,1.01735765022,49.4104006272,7.0177576862,22.2972687717,5.40755566817,0.968513189931,4.31561615881,10.3125440238,7.79524774357,1.86880996602,1.14289156348,0,11.0585245431,33.6758470004,4.99914026126,3.79851547829,7.90471832336,0,11.2458223393,1.03493472839,33.8409941873,78.0545532253,11.1697762595,121.967214745,7.18060312962,2.71392138664,25.4324538149,28.8943548171,0,2.10252043614,4.16498210211],
 [40.7046221952,87.3891787445,9.52576985476,27.5873396335,153.500408292,17.3637907509,2.81425394754,12.1773824485,3.22566929363,15.6222468879,8.89894896518,25.5368691658,0.950450374273,0.949704144645,10.0471275398,291.258254883,9.05124877614,8.25565838451,0.993598684831,0,46.4437573271,7.45144785483,19.2288210313,5.20090580671,0.957886120911,5.32087201714,10.8991679569,7.51046407845,1.9219174385,1.0125649537,0,9.5973682119,41.5550175777,5.23589184914,3.45176302146,8.39590972043,0,11.3756924592,1.03014530343,39.1646143143,83.3749786498,10.254538458,130.252857561,7.4290465288,3.15969745886,28.3193700909,25.4473880876,15.0588816703,2.38141165686,3.4392304154],
 [40.9588387991,88.9037548002,11.5996671779,30.4911079297,0,21.1881833374,3.4754266512,11.2416661149,3.10710337705,19.7953240475,9.22785349195,24.5534831356,1.03059451849,0.958208072693,8.2655847981,270.276323486,0,7.87916322044,0,0.984199085203,48.9157104905,7.97178081975,26.7270738257,5.34994299176,1.17511204239,4.04924227123,10.3253890103,6.97341746465,1.88616827659,0.998491234062,0,0,40.210929112,5.50155234553,4.19503463994,7.58891921411,0,9.6772066942,1.07252701762,42.509034678,87.8530661949,11.8290810474,118.253902332,8.31745489142,3.06453249477,29.8608190842,26.7844300797,12.7347419293,2.06444199946,4.01873078288],
 [44.3589332813,96.8298630238,9.69730275565,31.965668786,155.834449249,23.571677203,2.80672502606,11.3678966569,2.7455771957,22.0545500573,7.98570477363,28.0487498171,1.0428138948,1.12542719812,9.7019515895,316.179079739,10.5005791665,7.17229520309,1.03515858531,1.1369881754,51.0054733444,8.52399237216,20.4322070294,5.45647602776,1.00212812139,4.27277112984,11.1905731349,7.32061414773,2.24318588492,1.10388343359,0,10.9403244003,38.4643878148,6.43206989233,3.7445357419,8.97083998687,0,8.07615872031,0.987292052219,30.1963683511,84.6090785715,8.19205291395,123.021618584,8.36402018899,2.58464208122,32.9984650238,25.2270550472,10.6496993684,2.01578619079,4.75340293693],
 [0,111.132983968,8.74171912999,30.3931251518,150.834313699,17.5726360885,3.36176143197,12.0565033439,2.76030413902,19.5814266631,9.79751831695,23.8819621018,0.993366821628,1.06796767526,10.2862835283,227.554033911,11.3360971564,7.6548113688,0,1.09611830181,55.1562865715,8.43286359075,0,5.49758320122,0.996378735184,5.2703790901,10.4741115349,8.12932285684,1.84134351661,1.25023769222,0,9.44794521378,41.6765777632,6.16333284087,3.95974085008,7.27938977541,0,9.91235880018,0.929674629189,38.9172055557,91.028527099,9.73220906153,107.023344473,8.87950388399,3.26239503237,32.227277734,27.4912687303,0,1.95512400971,3.85026293653],
 [37.9297416233,115.036654548,0,33.5983527279,0,0,2.94882746257,10.8119109,3.36539755985,19.3601443481,7.98628353904,21.344501977,1.15467110865,0.908498244836,10.2852417783,264.617735979,8.4020149524,7.60550305281,1.05373946176,1.12002118469,55.2298323079,9.01028840474,22.2471558409,0,0.990198995797,5.49410677069,9.79860081209,8.45469312173,2.12483557912,0.887815749091,0,9.65930512366,39.3734651578,6.31634711409,4.68431023666,8.18968734698,0,9.23518594232,0,41.5190025051,78.8247806238,0,119.3439183,7.4942908076,3.0126136443,34.7400010624,22.0510299822,12.1559644795,1.93679986672,0],
 [37.6794907794,86.5445941609,9.23506709686,0,155.284736133,22.4142936165,2.94557419713,11.6229245496,2.96859283644,18.3650616213,9.07187296611,23.4013396453,1.14892174972,0.789343263693,9.69273374473,269.664894022,9.58693645381,9.00510578042,0.942793379527,0.975923809287,43.2701751397,7.35432761256,17.6203331408,5.88141391872,1.00554481909,4.56506349306,0,8.64684858342,1.97260299049,0.936489402056,0,9.17814790228,35.478074519,0,3.78423230812,7.02809298307,0,9.48519026186,0.92888853345,36.2910201245,81.7591922446,10.4680762108,123.072910772,7.21522595036,3.24163986265,34.4659282019,27.8503030204,11.2546768502,1.60062590124,0],
 [32.787247889,94.3318529014,10.3987506221,30.4237943619,170.22909126,21.8764360602,2.52826924616,10.9391865745,2.88840228509,19.5754649746,8.4253194592,26.3500207711,0.925133734308,0.807116366811,10.7569860746,323.312040982,10.6109611255,7.81211864979,1.05871005284,0.997313629026,50.1714614382,6.40508325913,18.5150785814,6.01787214488,0.804620339679,4.32618871839,9.16389640108,9.54286528647,2.11451980799,0.954827890141,0,0,0,5.38579751982,3.42604914607,8.47805499044,0,11.529186255,1.18980732379,39.4287404945,92.0969308086,12.3078731936,132.622396117,7.15708899592,3.04575856085,29.1437722979,28.5423719641,13.6157580369,2.31939147259,3.73236117525],
 [0,100.34031081,10.8144941839,30.1300220998,165.513440474,17.336685823,3.13982638298,12.4042745887,2.59577787959,0,8.51564899456,27.7810559233,1.20807430693,1.13052420384,10.4063596987,276.465055874,11.2322304686,8.49497698967,0,0.932276353816,52.8802155965,8.2606236937,21.332543927,6.13951416871,0.987441833742,4.30820603313,11.1690916315,8.3281412543,2.2926438115,0.86396645788,0,9.16220582912,0,7.03454542985,3.46159815824,7.97680569334,0,10.9142277654,1.00216548573,35.9125710876,87.2968489609,12.5926753506,98.492530658,8.98280774618,0,27.9877150107,25.3249842125,11.603088908,2.07348155602,3.29595448684],
 [36.5672849411,88.6596771479,10.8049315942,28.5024064808,168.180633272,20.1762998969,2.89625712104,10.635612126,3.45151911669,17.2436446541,7.46044211679,26.6568686079,0.798733275393,0.871808555431,10.7055054003,302.18734339,11.4690958227,7.78870593756,0.988402955423,0,48.8153633138,6.85319489067,20.9356493755,6.52603111308,0.943443073158,5.23267190758,10.2619404042,6.10558932741,0,1.07517918487,0,8.87291619982,39.1090767877,5.93540857049,3.9696766233,6.43741808529,0,8.85396321169,1.0625320515,43.6864080037,69.6538766275,10.3815254759,115.670039093,7.44822228711,2.60499734912,35.2271402102,29.1564146082,0,1.9336019248,3.4069103346],
 [36.8411030248,102.603028951,11.3737757673,28.7606798271,0,17.2993690605,2.93138181541,12.0929106382,3.18573593188,19.2714159346,9.5393634737,23.3491722623,1.12499340963,1.04664677794,8.41322539854,0,10.5077238927,8.95913920253,0.988984203315,0.982278365897,42.7287266456,8.05522915326,17.0051762923,5.95419283132,0.931156075641,4.75191369874,8.59226204538,9.24060243231,2.24654124932,0.857876891569,0,11.1701903045,41.1701652995,6.69350350568,3.74106530853,7.34403527732,0,0,1.01345058416,44.212033194,81.0987074257,9.69213283139,133.903170485,8.06758725763,2.82148684921,27.1764212335,27.8145025438,13.2976755098,2.07680353619,3.90786431494],
 [37.5596825348,91.5101518906,10.4521272938,28.354586971,148.42034321,0,2.8916066743,12.1071280868,3.02541502075,0,8.70398858491,26.9788783369,1.02672023062,1.04309466298,11.1665889146,257.192856067,11.1308629119,7.81492759011,1.01381902526,1.19498657247,51.229297356,7.31172872242,17.8685540051,0,1.22184515555,5.89473316245,8.78650164028,8.47953455801,1.95559879165,1.03925407793,0,9.60639048391,40.5220996045,6.64321327316,4.33464652281,8.6393973379,0,8.3719437637,0,42.5565930246,98.7302283942,12.0141395261,110.298933098,8.40078269399,3.02826093032,34.2788593933,30.6350263301,11.0186342482,1.7797622338,4.04783701503],
 [42.5871313816,87.1518833087,9.5348846861,28.29891743,175.83931848,21.7056712241,3.43780949163,11.9671619337,2.85495898026,16.0015482971,9.87784970283,22.3011793303,1.03195231548,0.937699591327,10.0208034691,0,11.1188784924,9.66180093578,1.09921243765,0.984218961877,47.4655534346,6.89959692771,18.0138837545,6.13868612983,1.15923319921,4.52277279967,10.0422335301,8.26043209261,2.30883106353,1.14269201622,0,0,47.6867341729,6.49789032186,3.89982400006,7.90711683307,0,10.4037894213,0.945780801287,38.5173590076,92.2262188538,10.0758579596,109.031498296,9.1884713186,3.56890818036,31.5824297528,27.1091347762,12.4645245997,1.97620192688,4.19237821597],
 [35.2029103878,99.6227804692,8.74388071111,24.684781254,151.476172475,20.378886374,3.45422678724,11.8298982367,2.87537935171,18.0135741919,7.01003869531,30.1605880093,1.0397614831,1.23588760409,9.37551863778,287.909830771,10.1294355762,7.93557357131,0.976852209682,1.03880795979,50.4099819047,7.11545893389,22.3927044479,6.27090013653,1.05443965142,4.70082069148,10.5444867535,7.65457146447,1.75537628996,0.935962090811,0,0,37.6853095709,7.43479671069,4.37264060919,8.59745920472,0,8.01755585871,0.952923283447,46.9851317016,86.4049416687,11.348478148,130.040587784,8.14482757844,2.95203529194,33.841663511,33.6157020083,12.9926236326,1.84858866202,3.98177946662],
 [40.9784635118,101.520591236,9.75849970754,25.1223973669,161.784297275,18.969842687,0,12.8402417093,3.27331471785,18.3290013844,10.1857583798,23.3142466861,1.12179417268,0.923147964208,9.5780076534,258.398015727,11.8321413706,9.34820070257,0.908058768742,0.935152681516,49.761184111,7.70610820837,22.828024998,6.4493338664,0.975477897752,0,9.87090160919,8.76142645372,2.17250569169,1.0805048307,0,9.50977768734,44.3713312757,5.47717205202,4.04520478662,7.43912217285,0,10.1600042145,1.09200673337,45.2613043538,90.9421545974,11.0536848333,121.03467875,6.9438176909,3.0825453717,34.9734059945,30.6083441384,15.6116817411,1.71536775483,4.05271851378],
 [49.4850433268,89.9253448942,9.40014580454,26.3476268296,191.717193678,19.4720272943,3.43197599841,11.5019565744,2.87995322012,19.8784377158,9.34416054618,26.05255689,0.87774023171,1.14162012337,9.1876473764,314.045869054,10.1460494809,7.70417717333,0.856675130894,0.813424327099,49.4866783887,7.52594399995,23.6347568072,5.42511281598,0.89457701837,4.90891351035,9.73928663333,7.01111186883,1.97534308938,1.02445359732,0,8.71056865689,36.8018022405,6.2524742832,3.27767608971,7.6543990697,0,11.41443296,1.00306222943,39.7865665934,90.4902946746,11.61219875,135.553692148,8.56006507333,3.45118295553,26.42416822,21.7655455442,14.1189464403,2.09586357907,3.54423425215],
 [50.7909644224,80.4957853138,10.607888364,27.4412218866,167.271539853,20.3027592851,2.80827129343,10.6288415313,3.21972839571,19.3152090961,8.71242582194,26.5509816954,0.973247177654,1.08190966873,0,300.521746853,11.4502005838,8.24425489207,0.91270949536,0.938318103902,56.8420574638,8.02294387028,19.4328773421,5.82768234108,0.955651362993,4.66491682845,8.64566114334,7.53392715028,1.78610185539,1.08174625905,0,8.87965018358,47.2503985351,7.07311011202,4.09087470414,6.43708510836,0,11.5482046058,0.947153896382,36.1218186564,85.880992451,11.3417413271,131.737115705,7.50936886068,3.61721679007,28.3143516974,29.2557016153,0,1.87021384895,4.04211036941],
 [0,96.6360178109,11.2385268533,27.4436947894,154.883218183,14.8796948123,0,11.9443386178,3.3920621511,16.7434615283,9.1006596452,23.6880015374,1.09388811898,0.890875869266,10.8484276216,269.139603898,9.51811494408,0,0.925701213169,0.981062349515,47.8768118123,7.52212230796,18.8741245671,5.76720814098,1.23044748295,4.42851461248,11.2530490223,7.645414516,2.15806799937,1.03905592566,0,0,41.8319304946,6.23958922509,3.92343378167,8.02148277338,0,10.8264238115,1.00929081799,39.3195664041,88.49177126,11.196997346,100.111443082,8.94864878424,3.14868446151,33.4820711767,26.938614148,0,2.25583874784,4.4272795774],
 [35.6872120843,88.9657705387,10.0064127711,36.0261799344,184.301316575,20.389725517,2.9179033398,12.6048602045,2.83221176369,15.8781361048,9.36771954541,24.6451163496,0.976218760793,1.05715417649,11.0152821795,316.85289693,10.1422513706,8.35666692747,1.07568214608,1.05147876373,47.4905834292,8.5531075645,20.5636124655,6.79709887453,1.03949273276,5.16515817589,10.0066113928,8.44998215542,1.92934580764,1.06158472315,0,8.15677207622,0,7.030870808,2.97054047671,8.07697312319,0,9.59226449153,1.28015538525,40.1648513637,91.119486474,11.0577955276,116.759353872,8.69777640917,3.41038057397,28.4833439363,28.2360789721,12.2126996739,2.25858872951,3.98955557988],
 [41.559313168,87.176780808,10.0200105768,30.981255502,161.019460411,20.9525653659,3.58263019402,11.506696003,2.51273657001,14.7114805761,9.75711825102,20.8525311845,1.04092401313,0.965254523606,10.2563910791,0,10.2174691164,8.14312981809,1.11232021093,1.01566688928,51.8618680042,7.62804706232,22.4647934072,5.78361509815,1.08568087254,5.17560003066,9.78179340595,8.45569866376,1.99823149923,0.908411287345,0,9.46530157679,35.28597764,5.30925089342,0,0,0,10.2642990023,0.877689262916,33.3457233342,74.0283121474,11.7558827707,135.113561848,8.43948398959,2.63327166626,27.2211535473,28.4625959172,13.1733132291,1.824631361,0],
 [41.4733819371,84.1259558846,8.57886617848,27.0611785308,0,21.0504827208,3.78221262063,12.0854982101,2.82887465441,19.4638097444,9.95951596922,26.1219772693,0.920334712244,1.17411244032,9.03785708627,296.680402526,10.4568774,6.94753014575,0.926279372737,0,45.8058165945,7.81874773751,17.2350290742,5.2944505722,0.979195353599,4.92823227124,12.3884419446,7.92232373262,1.93997485803,0.955200029502,0,9.60740462741,0,7.44065408813,4.37708314892,6.68446698271,0,9.88312129856,1.01556979041,39.8891061148,94.5322606151,9.64456316066,124.091761836,7.23069234361,3.12671949503,30.0087899589,21.6132722009,14.2774377009,1.69505325497,3.7518984265],
 [42.2959647485,93.6969999888,8.37762784394,28.1871319372,167.306707715,21.6398000576,2.85052804389,13.3481684095,2.8666834091,17.84669019,8.93335339729,23.5486961142,1.10676318128,1.12075210999,9.51761962204,324.043837245,0,8.38246520364,1.07333492963,0.982159474995,53.2846714717,8.27252827769,0,6.55173018926,1.02064880775,4.40454592416,9.14125782259,6.93513297752,1.94292887794,0.908785560502,0,10.5541453399,38.8794482422,5.67085003374,4.34490335419,8.19493520371,0,9.95698451513,1.24329519328,44.6596846988,90.413189367,12.1922790945,124.915211859,8.78292695841,3.6784858683,37.8855919901,32.8739372451,14.3559053648,2.15495085249,3.49165777526],
 [39.5480731268,95.6826605196,9.05859774532,30.7569576525,153.648583197,18.1336289683,2.43232476769,11.369885122,2.81167174964,16.2477700262,10.0680118654,27.9394435878,1.06792992696,0.982417044109,9.63162762951,287.367415711,0,7.89214708167,1.0373726988,1.05401108881,52.5983078867,8.31534704655,21.2020168783,5.13264560009,0.683471506366,4.74206039799,9.69313675724,8.08419227006,2.3124168198,0.788151847867,0,8.0871315768,47.9509619305,5.98853818813,3.79834004759,7.90675034529,0,10.6535148622,0.820699322769,38.1579719771,81.4625507968,9.45272342896,129.709059091,9.25589168262,2.75121790163,35.6229937578,28.3257673089,12.8983948851,2.27887614202,4.68438437382],
 [40.4100645978,93.2581448951,9.20001728494,30.0251875503,169.812563984,23.8920825753,2.91638078113,14.0613978038,2.76792416008,0,9.46041690541,20.8808348057,0.955895021702,0.946735516796,10.0682894136,277.013459449,10.6545790634,0,1.11464208545,0.997387457778,39.8307658019,8.24382877252,19.375905508,5.91795295312,0.882163514785,5.1940568841,11.0156740337,7.98979073521,1.95510198835,1.02577902198,0,0,36.7654173386,5.70077448362,4.21967014252,0,0,9.95144238462,1.05958871015,35.5248696537,100.025319145,12.0826614916,133.606256956,7.93729211201,3.15711757943,27.7731254276,27.6830870896,14.4963128574,1.91180840193,3.41468376462],
 [46.2855751739,104.359011055,9.95608417251,33.1264827519,195.333762553,17.550326637,2.66312843336,12.7469392296,3.29779015285,16.8548007146,9.15365393616,23.3539503238,1.02122146025,0.873230508967,9.7014504145,266.173700102,9.4310700112,8.51309256252,1.14771735417,1.19508681094,41.3449631403,8.7073892575,19.8039996653,5.53384239418,1.11782869941,4.52018615481,8.8220646365,0,2.44660431516,0.919911822112,0,9.04378272764,50.1821062103,6.53154134774,4.26696183052,0,0,9.99164156587,0.816093115733,0,83.8352221009,11.0363350911,127.435551348,7.4988916471,2.92097190845,0,29.3611097267,13.4079643416,1.61799959008,0],
 [40.4884657841,97.8948874746,10.081155926,26.8089404109,174.24080344,17.3207009186,3.19551004455,10.5908126701,2.67643491529,13.2363078563,0,29.7325390594,1.10537638334,1.12903111635,8.32248762876,287.34321143,9.98770275051,8.23787070646,1.04689601701,0.98867461021,61.8901906362,8.69164090683,21.692330548,6.07851343191,0.940653071431,5.73679739647,9.76193171578,7.82661587477,2.24263691393,0.921144753326,0,8.62240990386,37.7988374589,6.55249094112,3.8220924923,8.39999883983,0,9.33021203225,0.973431385399,45.9318838036,86.9139627384,11.6936729261,121.89124526,6.32519077308,2.80397759934,27.7435687828,30.6846143538,0,2.21078750445,4.49457220962],
 [42.264348486,78.7176127995,10.1857418062,33.4479219291,168.26812083,18.2236392987,2.80207491475,0,3.28682328757,15.2063546542,9.05714950458,26.2385205826,0.708526497757,0.945431106721,10.0045948387,265.484442664,7.89044279793,7.68863043214,0,0.9434760569,48.5477944599,6.92501960579,25.5772877176,5.61662528129,0.924926815354,5.21941930687,11.0254317222,8.69810483432,1.66156378593,0.850094876544,0,11.2238254553,34.6478991492,6.13214514195,3.98347406725,8.29398393639,0,9.40678747232,0,43.3061078336,96.7805072364,11.3556053519,116.475884826,8.90959350621,2.57142505953,34.4020177858,29.1194556195,0,0,3.71995848067],
 [39.599925752,94.0716760734,11.1337039953,30.9560427216,166.632565626,19.6011745354,2.99164317681,11.8852530994,3.6590170722,0,7.63771345061,22.77009357,0.963942317907,0,9.58019146375,277.231237849,10.2840365672,9.11609388023,0.994374650406,1.1112933341,51.3394418855,7.96077719746,23.4979302749,5.94290140664,1.1164735342,4.34916362804,10.0094739894,6.73345222216,1.912082066,1.06916575855,0,10.8410168287,44.8214253833,0,0,0,0,9.83278124298,1.04607408233,39.4775234495,91.845494363,10.7326814007,109.988182281,7.29224775822,3.34372393442,32.5396799762,26.6691835859,10.9578725956,2.05537699216,0],
 [35.232087259,94.2464336392,9.36518838219,31.8614348228,177.846856361,16.7013998562,2.85961009442,11.6607234392,3.67182448152,0,7.95464297282,22.7154143302,0.986029862147,0.910954379812,11.0109540055,305.043696994,8.74311795832,0,1.14713928103,0.936763267824,49.7970700526,6.57045758644,0,6.34956100375,0.935815636128,4.97199666267,10.3396420163,8.25498613142,2.31807951602,0.845983226257,0,9.96147234252,46.9566733893,4.43073603004,3.49920071041,11.0581627302,0,10.4322194036,0.827660248935,36.9219574989,76.5794977941,10.2662533294,110.186741733,7.75017137961,3.39838487104,33.7903047858,23.1283503305,15.0988694817,2.03331620823,3.79237768758],
 [43.9270518573,84.4125004667,9.44279833824,28.1508899373,140.089271424,20.5445431452,3.37203428533,11.5075241621,2.72952183253,14.6274431902,9.78816719036,0,1.06190730452,0.764386530137,8.68070802784,309.172001739,9.81504613867,8.54193365519,1.01532081541,0,47.8051042183,7.79298438021,19.5370914237,6.1046475076,0.956117967858,5.88599085282,9.29806291923,7.87434230359,2.26743513941,1.17956696355,0,9.47107037164,40.3274278013,5.47085074844,3.45759620821,7.47837395251,0,11.1754442637,0.998623722299,42.9500890296,96.0180460681,11.5705251731,118.970575374,7.07720293086,3.27222531045,32.3813543487,30.4653875284,0,2.11389899345,0],
 [46.4281175261,101.240108673,9.67667578723,36.4069763788,137.818750982,21.834663256,2.92072386403,13.4148523113,2.61856417929,0,9.80274483396,20.9635633999,1.09238396038,0.994353329341,10.6542651602,293.158355326,11.5471703913,8.57336482005,1.10535253288,0.870307112799,52.4900240135,8.21048600669,18.6964869801,6.54553749465,1.06045264589,5.36521323111,6.61085770651,6.10070662432,2.00301153019,0.946143257358,0,10.6097452762,49.0648249019,6.38154250273,4.16454161443,8.08073383686,0,8.4943472903,1.05942700905,39.9951346579,86.5911428442,10.9517484291,0,7.76119583589,2.81142332912,34.0610871623,26.4332407606,15.4029662288,2.18969570988,3.55840395341],
 [42.4916077884,90.8525893946,8.27255225933,27.844206128,152.008013379,21.8777923067,2.58793015825,11.8375350627,2.2271030812,18.6412118452,7.88395924018,26.1030112971,0.908974563596,1.07379255517,11.1689039324,284.424854893,9.77715100064,6.94419490823,0.859398299363,0.877119627278,54.8202306245,8.69626925974,21.68263217,5.90370429223,1.18884920535,4.09398197658,8.40369782733,9.46912402679,1.96031749919,1.21443703156,0,11.582459171,44.3064686332,6.29175412638,3.84558958284,7.58951333374,0,11.7045745293,1.10674999527,28.0267429806,98.2185490989,9.58742760513,127.097595276,7.60055095849,2.76338154338,30.9977083336,25.9404444175,11.8969950527,1.78206003971,3.81539434735],
 [41.1969615353,94.392684954,7.5192949586,30.0655912568,129.797773178,20.0738367422,0,0,2.86469074021,0,8.61280429982,28.6283444347,1.06468748516,1.12512204351,9.13983016494,294.803385035,9.97221661644,8.44414464949,0.874756398297,1.12794304912,48.1569817041,7.81652568552,20.0786709351,5.672867468,1.02795118343,5.04686055704,10.6996825782,6.64195633868,2.19380565487,0.979973234375,0,11.7387704838,42.8979535483,5.45821818814,3.89370802512,8.16831519226,0,0,1.00907493351,0,115.080642648,11.5110000877,105.53403594,9.28092878857,2.57142512045,37.8675749203,30.1741143863,11.1628697366,2.11037866896,4.11937935043],
 [41.4081383974,68.2057145866,11.3673679066,28.2371261563,145.407403933,22.2955929468,2.78087344432,11.2523156433,3.02911746864,0,9.21465916642,24.9965170696,1.10052689568,0.928208077686,9.0598093858,301.411948862,7.46423005652,7.10424487921,1.04422902983,0.972544077209,44.3767860619,7.61809290538,19.4924956421,5.47059947632,0.922749761411,4.96687562584,11.5403100895,8.69466298391,1.93695542328,0.963881325199,0,11.0248522418,40.9203256846,6.3701039773,4.54000976905,7.25393061671,0,8.41444910233,0.982498655387,46.0664165107,81.0144608742,10.3229576805,115.929865278,7.74696342323,3.15323404789,37.1110812595,24.9980913777,10.3198582803,0,0],
 [43.161684839,94.3161539867,11.022911623,25.202698549,167.516517469,18.5098451647,3.35002462679,11.3086782667,3.36363752712,0,10.2644156649,26.838417767,1.37696614855,1.08000197841,9.41564742888,277.257062369,10.1964029661,8.45109061436,1.03773148948,1.24256278441,51.9463127365,7.41240703979,20.3446867231,6.18032351946,1.15101942166,4.80668710363,9.99133827504,7.51726255605,2.21236734643,1.2228217117,0,11.0880509054,40.7944699303,4.50651510468,3.92795248376,7.98409872575,0,9.51740703067,1.0106187266,36.6553479198,83.9075356028,9.22932591432,145.320992313,0,2.89251864745,33.9119796058,30.5530015685,0,1.86008828172,0],
 [42.2427976622,89.7189168542,9.83689054942,27.8387666358,155.070781638,19.0955969605,2.64950594737,13.0234668425,3.1654212587,18.3000231887,8.55288625891,30.0567783563,1.0519788823,1.00697396617,8.91095013939,271.124148119,8.39084538735,8.19469598628,0,1.11982742634,53.3314517574,7.04831288305,19.7276098129,6.11392502336,1.0885460385,5.60260499953,9.43648035415,7.7023289448,1.46704109453,0.854822641953,0,8.68687258761,38.4683417986,6.17150457156,0,7.90026739421,0,9.17034050133,0.91267778112,46.1340370606,82.9545100084,10.0264012927,0,5.83525105935,3.09836241727,30.3767989571,26.5148191928,13.660996755,2.11873286768,3.55610381409],
 [39.1335801781,96.2952126593,0,32.2315034792,148.167591209,17.7274503387,2.76462863404,12.9523372669,2.81086495045,0,8.07020548961,26.0050114576,1.09862450825,0.926617750742,9.97215335164,310.908759666,9.46488505769,7.44085900521,0.929529895619,0.953956429404,43.7511787599,6.45158862336,16.9812800548,5.93496725088,0.793683026772,5.62330629941,8.95613250647,7.27497819317,2.1534487211,1.03816681627,0,11.6150281768,40.3594639942,0,3.82475936348,9.00939537636,0,9.22835946532,0.865206440399,41.5740146572,80.6431839467,10.2548518413,123.661657636,8.55130296676,3.16082175646,36.1843541673,26.1910693838,0,2.15584489077,4.62927925027],
 [40.3747413593,89.0013228947,9.9950640065,28.0087832515,152.028724824,20.0046050267,3.55182014957,13.7580177863,2.57091268699,0,9.25195220597,22.249702434,0.931974836789,0.902147652705,10.2797614542,298.475394549,9.47408720239,7.56439258425,1.13661459854,1.32003713888,49.0814622284,10.5837529121,19.1058671066,5.55689725529,0.951648797668,5.36356148104,9.77059249245,8.11448734077,2.15490092463,0.908158962737,0,0,0,6.05768885503,3.85570970178,8.6528878953,0,0,0.95654418638,43.5217818721,83.9790794612,11.535890109,115.548209446,6.69471483799,3.79919756164,34.7855589146,30.0044238692,13.6848308797,2.04196960352,4.74372281994],
 [42.2320771404,106.269418,10.1938468077,32.7643907391,0,20.1742464567,2.9588937369,9.97698507875,3.11162454456,17.7969211123,8.914912739,24.8403789643,0.954745573544,1.01717423416,9.84949255086,298.74760291,9.80665873286,8.79584938816,1.01408240358,1.02545335272,45.0064327274,6.54501159334,23.3541990813,7.11885799577,0.974721621442,4.45081458642,9.50861905966,8.00813670271,1.93404456011,1.04079476558,0,10.758190085,46.9254916534,4.72519206965,4.1243962474,9.38448025878,0,0,0.873245613921,36.2469423805,83.7646048967,10.1775070803,107.386623317,7.53510679857,3.35996386583,33.3115941597,30.9648816371,12.22731374,1.89298715311,3.99594451774],
 [46.1459892734,83.6464216887,8.59300303284,35.0767712523,156.614252083,17.9741679392,3.01061494398,13.423958154,3.20873454251,18.6330989118,9.31402049153,23.6973379478,0.954623146171,0.99547896328,11.6660856286,239.610880923,10.6622630646,8.77638640863,1.0103081848,0.970851932213,40.5006988023,8.03921500287,23.0079645087,6.41334260088,1.19738913757,5.34364990632,10.9109390246,6.07224228507,1.9617195795,0.945651782936,0,10.5661256856,39.4249945993,5.98367727176,3.59037729867,0,0,11.3721296367,1.1002681128,43.460337393,75.7360291983,9.42050532023,105.827579326,7.90198290213,3.02422879007,31.9454706395,27.5322507669,11.4913512529,2.14145160265,4.33060322388],
 [0,108.465638431,10.3820332587,30.1534329615,158.89076954,15.1072154135,3.42489449154,11.8640359,3.56154161855,17.5747969706,9.34145023707,24.1789805782,0.977247283448,1.10446121653,10.3090363771,0,10.8781302705,7.73061148641,1.13836914668,0.944703026141,44.6160000329,8.69886515421,27.3005369866,5.33474681342,1.02589622282,4.63246045922,10.8593300266,8.83197378589,2.17466758037,0.961891100728,0,10.2633718317,41.2583058779,5.35650816173,4.02951441963,7.95157525024,0,9.53571526949,0,46.8738151684,80.2647846342,9.33272990533,93.2297250741,7.55389520649,3.03684508122,29.1125163232,33.2629953399,10.1162420282,1.88466907092,3.32275214597],
 [32.7982965308,94.4596065186,9.4765361384,32.664439182,158.50889425,0,3.2571547846,12.1818443798,2.71545761082,20.8005336566,8.79216783476,24.0717953811,0.86626346172,0.965819819477,9.60340521491,270.841604522,10.248931269,7.10116578827,0.95102803995,1.07523415887,51.0551293171,7.88429585688,24.0625231023,5.52096174589,0.984547645721,4.44625112606,9.17780274349,8.30230450426,1.9297769703,1.02007367779,0,8.9270183674,41.0294687279,5.78910022302,4.02703152063,8.23586067317,0,9.75107079141,1.08171143313,42.9273486266,89.4952010068,12.4574033109,101.269877105,8.37041507391,3.52500532195,32.6770664812,25.7136784419,0,2.06322749031,4.49655047574],
 [39.9893786064,77.9471179267,10.7893185133,31.0808564169,136.479750298,21.2279325062,3.10320421664,12.7458884421,3.4602895996,17.9340389194,9.23320184041,20.3125900884,0.978662422915,1.04733826219,12.4860323722,297.95368177,10.6835075116,7.2756691696,1.00825904888,1.04880277388,48.2212560012,8.82805797992,19.5057436362,6.08961323003,0.869925259742,5.86071547251,9.66596845946,0,1.63579546402,1.09638372708,0,10.2590385703,35.3353713235,6.49734736041,3.93780980019,9.87716153906,0,8.35875247176,0.932627767869,45.860826912,83.8233405277,10.9853300381,109.949981884,6.05957971952,2.50580231613,33.8344783219,25.3909881024,13.2573269435,2.08065077756,4.14029388166],
 [37.0446718448,99.6790329451,8.35093730939,27.4758434336,178.267844633,24.0867762138,3.36358559282,12.6258630653,2.81758790835,18.8750509354,7.80216609238,25.9920852721,1.16300383645,1.00678335308,9.49322788231,262.435417449,10.0899226563,7.800411777,1.12201626634,0.999968356822,49.1901915671,8.27899367941,17.4532350946,5.09078833989,1.02641606878,4.97011145484,9.00153211268,9.0889541906,1.98303799825,0.973828545125,0,0,39.7130991595,0,3.2826765792,8.91427001043,0,8.74869881359,0.902959887346,42.8240760533,89.8734088168,11.7354083567,104.061756044,0,2.89667544214,31.078433684,31.0076575897,11.6522039472,1.97515310692,4.10903925741],
 [0,89.0693425876,10.0981553271,33.2429453528,145.274086102,18.5680655997,2.72517368347,11.9006490774,2.7257507883,17.4147838404,10.5358802478,28.9601030999,1.00963629327,1.06820747618,10.7294560765,294.521732409,9.98576497863,6.62374843938,0.918273786102,0.963510283996,42.496935599,8.32909448659,25.8148697938,6.03167933671,1.02114209369,5.06087861379,10.9748483967,7.26186312883,1.94962513593,1.06190637864,0,10.3813267465,39.645475165,5.92891603942,3.52652910227,7.49398585269,0,10.0345486142,1.03812158983,33.1487166608,93.4412250329,8.98671385739,125.546499629,8.52693838218,3.07316742217,27.1498738222,30.8252402624,13.4601376591,2.29582861143,3.87910845644],
 [0,94.8895188462,9.79678147691,33.0288177648,181.52218258,21.6634658494,2.75756254123,12.6319089677,3.70874220354,18.850771348,9.21089894389,21.6196980997,1.04022431588,0.910919479167,8.80000225826,264.08771452,9.18056943572,8.7543631171,0.99875184676,1.09471875464,52.8128876369,7.67295012352,0,6.34199438679,1.10198613322,5.92481894956,11.2530168301,7.22106146722,1.90955414508,1.0640794812,0,10.9325713917,0,6.03764243393,3.46524369402,10.6106334127,0,8.74758475095,1.01291195131,49.8437324116,95.1751325678,11.5205974259,98.8519716145,9.2102891449,2.50244640337,33.1112987567,35.2694485645,0,2.04293420312,3.78292118574],
 [0,87.0332379056,9.50332502068,31.0325237185,148.30129325,21.5227103381,2.62037119608,11.8898164669,3.17397899124,14.0449455578,8.80910061848,24.5049627798,1.00535300347,1.06313179882,9.71802639882,314.214867188,8.49167715074,7.70278971831,1.13660992613,1.26601209906,46.1158726077,7.28416955498,20.4035985966,6.53549773026,1.07759617403,5.66785269611,9.93553145738,7.54145818282,1.89812526942,0.915293677012,0,10.4692117163,41.3300570359,5.69682931326,3.77129185278,8.57389593351,0,0,1.11431480712,37.2279262112,75.0607775056,8.68735199066,112.844228019,7.79392673678,0,0,34.7947998897,13.4821553795,1.90529738102,4.10131315901],
 [0,106.461383043,9.10549144629,31.904098844,179.911217651,20.1428466572,2.2907744895,11.8063125716,3.15941269963,0,7.85490698658,28.2719045658,1.06127340998,1.00858461397,9.09542575528,299.786149489,9.81486609076,7.38748132549,1.06892418269,0.959727421199,40.8155403024,7.33198353535,19.7338144187,5.51125436969,1.03904404222,5.98057541884,11.8505181432,7.62125514957,1.65974962118,0.940087791064,0,10.3789867611,35.8538190346,5.41674639078,3.53374418142,7.69782635263,0,9.44293940026,0.995196463344,44.0766721029,89.4210220552,11.9776451827,105.920373346,7.41262666144,0,28.9919189478,30.291957524,0,1.58885393603,4.50846090705],
 [44.1093837614,107.947670805,10.4878087647,29.8477672417,136.363505701,20.01670537,2.51883895488,10.9296232667,3.37024617445,17.1097691766,9.62469847434,23.5746723257,1.09415346936,1.00544978963,8.50190083098,273.627764446,9.15127237699,7.59714640534,0.930474755664,0.96892685433,45.0776502289,8.14169678881,20.1099438257,5.53781229863,0.968897720056,5.56823295573,7.61074872081,7.31569076944,2.16842504819,1.01445071186,0,10.5011787525,47.0925135119,0,4.49003856811,8.66568754261,0,10.4919244469,0.982436591045,38.8591021916,78.7432341409,11.5462546425,110.057979633,7.22562791671,3.01273113541,37.0995441612,30.1731125619,13.3046189498,0,4.39385226893],
 [42.4482814643,103.431663786,9.22806386249,28.3662652848,171.195713296,22.5933356624,3.40450419441,12.3168050077,3.06123742309,20.4549486187,9.78689123194,27.5843454055,1.1290340425,1.15324875635,9.65597441109,288.6495791,12.443872747,0,0.855092817659,1.10058643312,49.6440302188,7.40461085216,21.3946035708,5.9798387638,0.8971521809,4.81607074214,8.21128116305,7.5137717433,2.2598332533,0.824674114762,0,0,38.6507975115,5.62265901116,4.88640963592,8.01315645769,0,11.17473111,0.997285063758,36.8818803064,81.0784513368,10.490157265,124.491826399,7.84353980377,2.25226126247,33.2662057826,29.1925239916,8.99194246724,2.172184419,4.27504613966],
 [41.9203395832,89.4507101059,9.06894918306,29.9177159272,182.446114722,17.7649708595,2.55376872079,11.1732871801,3.16613058723,19.0716449911,9.36365523336,25.1443779995,1.12103145924,0.97123219749,11.2470552173,287.865563923,9.49076472591,8.23436859997,0.956357015649,1.062645742,50.5804262555,7.15299874635,19.8058386889,6.78718395793,0.935186639191,5.69665156467,11.1829069774,6.36493293417,2.30339259321,0.984916569952,0,10.9176189684,38.8511025023,4.9194647678,0,6.79436384983,0,11.3165328306,1.17193948179,40.9524964456,88.8669844442,10.8486863495,0,7.73168789061,2.80134988359,35.1368796651,28.5255667317,13.286296153,1.7018756663,4.0915717678],
 [34.4223122758,103.16637905,8.10835499027,32.6605738788,155.492649984,22.2670005524,3.04982914887,13.4954944199,3.33184787587,17.7827455197,8.50506178559,25.5441502321,1.0180284662,1.14752914065,11.0830183791,259.717420183,0,7.9026559409,0.802480017488,0.975663994929,49.3760934263,8.27364326602,19.6441785489,7.02062352441,0.834554690887,5.18706953747,9.91024568785,6.97836252572,2.05225784684,0.887146926121,0,9.35501168213,51.7452653679,5.86563879006,3.41332476809,7.95588757806,0,9.75562159614,0.940868913132,36.3783816912,88.9299109577,10.2294024831,128.202459708,8.08230840408,3.21681445331,27.7533161776,31.6679705971,0,2.1575770363,4.54983214505]]
