[560,1125,300,620,2100,431,68,328,47,122,322,196,41,25,425,4260,416,115,82,22,631,132,420,86,42,103,215,81,91,26,49,420,316,72,71,49,108,116,90,738,1811,430,3060,215,58,296,620,418,47,81]
[800]
[[47.3186935971,83.1043170845,10.9867546402,29.2975257056,165.871749175,19.9423574975,3.37965015155,11.1739346724,3.50322113427,0,7.46703768386,22.4000633683,0.963553365417,0.9031414308,10.6844951308,273.301938923,10.4874799794,9.57646711747,0.918626840095,0,42.7476726603,7.10557417165,23.2840520328,6.03977637213,0.920049264885,5.15664587369,9.67223544669,7.88785671247,2.00595706967,0.919803768637,0,11.0211019671,40.6318540988,5.55104954906,4.56648298012,8.92839105291,0,8.84476755096,0.890676123961,0,85.0948661517,11.9632501578,105.031475838,0,3.03382383759,28.6706407203,29.7617926805,14.0549150437,1.86299361969,4.48206158816],
 [43.7139083384,95.9218720874,9.66233546739,28.7916596575,183.126088223,14.2515639626,2.95030114146,12.338007765,3.0183871929,0,8.26513938196,19.4796435284,1.05421348781,0.981851529291,9.87846087546,294.43644448,8.37756584932,8.45097179775,0.957125035363,1.00006091417,56.0331216409,6.30348961627,21.87142889,5.72812032612,0.903519866454,5.86778356867,12.4440873474,8.33405822663,1.96535011316,1.00861727192,0,10.1435404432,41.8098182358,5.64662968313,4.12643887005,8.07105854393,0,10.2635859168,0.981023344068,45.5684370064,88.3194189618,11.7693312341,88.8522296765,8.47917250545,3.05783140341,30.5056880982,26.2978956546,0,2.01751096277,4.23182808732],
 [40.3543842681,106.243435739,8.61825288937,30.2700930885,153.542443496,15.8773790355,2.80084493916,13.9283741501,2.75092076745,0,9.94865362255,24.5977023762,0.790272966368,1.04569917692,10.1958299451,0,11.6901165221,0,0.958186076221,1.11492880329,51.023977369,0,17.770068893,6.05283833485,1.13575866376,4.67857618466,11.1403558541,8.99198827375,1.85492068032,1.04690049491,0,9.0293815259,50.604093165,6.89712587817,3.83298758931,7.36552542728,0,8.74086359677,1.0825859909,0,82.4176155842,11.0424579222,136.303122756,8.33248875166,2.93752231235,33.2240794256,23.1264420309,16.7399307155,0,3.68526545609],
 [40.0638490145,102.1089315,10.387911499,30.6374753659,167.6479052,15.4218001978,2.91273681352,11.7267738953,3.12111790361,0,9.73301246495,24.4028958885,0.999866242527,1.05738864917,0,281.719567796,9.77261546221,8.70807357521,0.962014284905,1.12993384453,31.3869609482,8.44208102995,15.0674236111,5.4432755389,1.07512478472,5.32405409546,10.81886856,9.25060325856,1.9612802599,0.961180764137,0,9.96119668476,43.2253127965,5.98854337273,0,8.00314709851,0,10.2873420242,0,53.9598836971,88.0241096683,10.9769235286,121.221732358,8.41287585661,3.00530130861,29.6968963837,26.1583215458,13.3433805704,1.95704758554,0],
 [40.3285964977,92.3064337654,11.092470931,27.1802344902,163.491471128,21.3332337638,2.71829798123,12.718857012,3.0582065028,17.3517751054,8.40853076842,23.9615050098,0.92517871582,0.816187797439,9.80185667755,255.605802751,9.0172412804,7.46429861245,1.12580592133,0.937743368252,51.6763052656,7.03953127752,20.7682958621,5.62796796773,1.11429104864,5.25271879793,9.7022595946,7.66411057095,1.74696408256,1.07351967339,0,11.3947210362,43.3656629837,5.42117677543,3.94723360924,9.55536045171,0,10.9732015311,0.916850914795,40.7531270321,90.140984449,12.0383010439,113.139609236,0,3.28180292258,27.318156119,27.1510770547,11.3599889423,2.27431469215,3.90944701792],
 [0,81.5687650917,8.47555535593,27.6233284795,198.552112838,19.685430783,3.44234836891,9.88914885154,3.09602976698,16.7958708374,7.75748198878,22.750954405,1.03783941215,0.928653679503,9.53818464113,276.418340384,9.9066446855,9.07977140657,0.934394007844,1.05356724336,55.5037577354,7.76236674133,22.6001811021,6.80579062018,0.996001336586,5.5773538492,10.1208960417,8.88501904779,1.86440587373,1.07536642917,0,10.0418019227,46.161505112,0,4.69871616684,8.00420419403,0,9.35028160738,0.975717038256,38.8919300561,80.7142545801,9.2028189694,136.414350974,8.39986838963,2.79611807855,34.6848212742,24.7287166333,11.8332660291,1.8917084447,4.56088603459],
 [49.8182820401,85.7624759126,9.4216899664,30.8559276596,150.468291396,16.3954727405,3.37226070768,12.2071341783,3.1123798769,18.2857178789,7.55425791165,28.0631596121,1.11261225383,0.892077661217,10.040229657,235.803243045,10.8092940966,0,1.00585209329,0,43.3113974617,7.71048280141,19.0486514304,5.76017990991,0.967515497711,5.45243451931,9.61216903061,8.14368242075,1.97080763267,0.994700238213,0,11.6749801799,47.1214591309,0,3.98019889505,6.99363299234,0,11.3364241302,0.839039844947,42.4217519289,83.6279569256,11.8087311131,142.127845853,7.93519245159,3.32250839366,27.5422493146,26.1914243625,12.3441968405,2.25776523776,3.63285825777],
 [47.6321447376,94.7378769458,10.8281776957,31.003450411,177.391537692,19.4751824502,3.42933789683,10.5650729003,2.62573830904,20.8757181792,8.50291891792,25.212985239,0.973022380079,0.935696132502,7.9250012764,271.643522058,10.009284839,8.25748798229,0.962936432292,0.990122191542,48.5951565428,7.50826676183,22.8225338585,6.48988954493,0.974108003109,5.33721973502,10.5638846543,6.72181873288,2.37574881666,0.987978378033,0,12.4547803319,44.0918662868,6.2945026429,4.05778944914,8.70707481056,0,10.4495899822,0.792154292191,38.0179422296,69.8089706445,13.4723595567,130.441591471,7.3298068727,2.87901939045,26.3933147235,33.6227591484,10.2543609974,1.95394121364,3.41504278665],
 [0,96.494591272,9.94387240975,27.9796977703,157.07270939,19.5608744995,2.52415884059,10.735020901,2.79421436541,16.3513717359,9.94557173811,26.468319482,1.05550042561,0.846687894834,9.93484030421,277.780950592,0,7.55704268597,0.892401801806,1.01361529323,53.2081651876,8.01344164694,16.5988737278,6.45427803948,0.986875961257,5.05653659522,11.2403605006,8.18927818894,2.25257745065,1.11853725363,0,0,41.0893238265,6.16815283737,0,8.46952150452,0,10.3939407595,0,34.6687287065,74.9722741549,11.3620692531,116.877624627,7.89295075946,3.01694772903,30.4937413852,28.7702405214,13.6044911291,1.83973822275,3.63093721194],
 [42.4776646775,90.4019826826,9.47522526732,32.9357332534,157.945925751,20.781386322,3.43620351691,13.1093842469,2.68077757822,18.8068082865,9.04386631489,22.3043696754,0.911461669289,1.08568352249,9.51349165375,0,9.72200897899,8.3829999215,0.893200510113,0.921334328019,50.573586985,9.32326448277,18.2575315099,5.69905083026,1.01121786296,5.45073619538,10.3332001287,7.07031690513,1.9864582016,0.806274102532,0,0,0,6.87767108518,3.71164951712,8.4378742472,0,0,0.960646478686,47.3028966811,76.237188945,13.6081411905,131.578260242,7.15201003911,2.76345276948,28.81181309,26.9792326594,10.705129158,1.94624448298,4.81868788967],
 [0,99.5767840504,8.55413667542,27.8622005935,189.232121716,18.6260415625,2.71074518919,12.2477543641,3.11092082722,0,0,24.7074202936,0.899711483276,1.06863691641,10.0368498874,310.358923271,10.2341000218,7.65226272958,0.973214270035,0.807790539942,50.815990285,7.62683981507,19.8439619294,5.6755019787,0.882569425586,4.70376186862,9.47500191045,7.8405550204,1.96883931359,1.06962351255,0,8.53809428026,35.3966287413,5.68457944908,3.58560543399,6.8806212467,0,9.95967171139,1.09961683568,41.2718503897,89.8601845311,0,107.479933487,7.87852407499,3.54149394564,35.4274755051,30.0563974204,0,2.06963357837,0],
 [35.5359659228,85.4311618081,9.90343780854,33.4703625368,174.952303151,18.9851506661,2.96690852451,12.2654086829,2.83896455526,19.4015876024,8.85571712134,31.9246475681,1.07272274068,1.04047962277,10.501878905,275.480213514,0,0,1.15090797491,1.0102762455,48.0112428403,8.37254903462,0,5.93581097256,0.952595278893,0,9.99801468854,7.64908833629,0,0.964868384776,0,0,48.5723502168,5.62131870443,4.0979114911,7.91905685239,0,0,1.03083785885,33.513269499,75.7572380111,10.0557059122,122.325882462,6.9057190501,3.53118141238,0,29.595896308,12.1332170714,2.24012355461,3.87447565283],
 [39.8268488653,88.1929590064,11.0120478257,27.9868814694,160.950342294,20.2791499713,2.69363207345,12.2452851717,2.47169153172,17.1265510438,9.51758818633,21.2970563282,1.07037842068,1.03283664938,8.70045005623,0,0,7.42257932522,0.946680928081,0.903719909469,50.621278126,5.85387646978,20.627157193,6.60655299647,0.860279425637,5.39623710873,9.44294035734,8.75723032614,2.13346308266,1.16738681118,0,8.32753848245,0,6.26582394647,0,8.74835069174,0,9.7638106289,0.949828873565,39.5100436329,100.112464647,11.3212977137,99.1161521011,9.10926760626,2.77826363539,30.9767753451,29.9391295832,12.2446679827,2.14411444161,3.50136045778],
 [41.5921193818,111.667207491,9.66636797839,31.9435566105,170.683873024,19.6898632467,2.69288190637,12.5910399181,3.0513263742,0,9.79597677048,23.4719588729,0.948126278576,0.963972098673,8.27778591941,265.363863076,12.1730550843,9.39266734888,0.914071291194,1.0552917277,50.697590327,8.4929750773,20.9587957858,5.82921955719,0.885870352455,5.35184473402,0,7.18064328874,1.73890828051,1.08568621292,0,9.16023522228,41.7601599228,5.85380756176,4.26190638966,8.65208035053,0,9.54315984042,1.16594949567,33.539071624,86.9905720469,11.4261231748,135.231277826,8.56958736756,2.8445416623,33.2798876464,28.8263246114,13.2300834541,2.17051867636,3.2806957924],
 [44.8428709873,92.1982741937,10.1579772649,31.971319619,146.483802689,24.8627105451,3.5889668287,11.7574203861,2.56898890011,19.5717881672,7.00158880799,22.5961215635,0.902929116837,0.949526985545,9.73493552088,232.580142936,9.16409843149,7.2312016982,1.10835640755,1.04029264756,46.6233185401,7.45894084029,23.3946254639,6.95923647657,0.799063934371,5.09419333848,10.5215569443,8.04578399944,2.3866088315,0.881590531756,0,10.4906209142,42.3470733109,6.59978578263,3.7403961711,7.10082834285,0,10.8837935027,1.04790490366,35.9435475735,99.0021164317,9.16176703827,126.389199422,6.95232779552,2.31006684459,37.7685029276,30.3918316959,15.0331925213,1.68835636336,4.38112050488],
 [40.6552874488,106.442038374,10.2951287489,27.7156314367,168.60134373,17.2081633052,2.30406133814,11.5560446081,3.29089974537,20.7068324464,9.75949506739,21.9776718946,1.15017913416,1.07295844003,11.8374166935,273.205001222,10.3574453173,8.24376225784,1.06919507764,1.02453199033,51.569268656,7.12030234477,20.6154129075,6.41232738365,1.20878850955,4.69283531968,8.76806326907,8.56051348033,2.44079892728,1.07376084861,0,10.9340113419,50.5986667644,0,0,8.2259012425,0,9.53341566541,1.05375517371,36.2281970655,85.5244172833,11.8809757375,111.083020829,7.95484327919,3.53509602159,35.0746479781,26.1499784398,13.2529750978,1.89585290484,3.93496651889],
 [37.2173179968,88.3785947717,9.12674254378,34.934137374,150.910792145,17.2943582373,3.17787161459,12.2765794146,3.08339198113,17.0549088766,8.71264182412,23.60226137,0.996746333769,1.15494268316,11.124318741,270.318692129,10.811672282,8.3721958172,1.06710673827,1.13711040876,42.7374131081,7.5520427492,18.0776495403,5.87621815282,0.961392471479,5.03240771461,9.55484342703,8.23965831728,1.9815579063,0.946592840516,0,10.5048569358,39.8311187912,6.41456585444,3.96438013486,9.27616870909,0,8.38133568181,1.06322098219,0,95.9364157346,12.5087286596,122.64659601,7.60256173905,3.22661538398,31.3134993271,25.271706085,12.8237204436,1.75994391469,4.36703864404],
 [43.540823473,94.5198396158,9.10598701007,29.4906300706,197.449955161,16.871817823,3.40138604953,12.5280371308,3.51865913244,0,8.03754857283,23.9580017788,0.981406557842,0.79538446998,11.4449567534,281.926054617,8.81377837674,0,0.889912737305,0,46.7640836298,8.75951971017,17.4541338322,5.35645021555,0.911604968319,5.41443981094,9.23946792307,8.48393643246,1.97464119565,1.09101935717,0,11.410682433,38.3074434375,7.38855520492,3.38034968143,7.86372501333,0,9.76643387896,0.927332411961,37.8663035296,86.1136496755,11.5123293495,110.198885091,8.84610654482,0,29.6353519169,27.1541633112,12.439764933,1.98167470252,3.9981649993],
 [38.5550695031,82.6718573919,12.0981458296,30.8903050208,175.324374532,21.907308439,3.1142305039,13.0431188197,3.42362819897,18.7631774615,9.23481930766,26.5002609173,0.993353652815,1.03408322257,10.6287376827,287.141056021,9.263725745,8.88326372887,1.01404164704,0.955963467781,52.2175805494,8.44991576832,20.5495647034,5.84886222977,0.878565963809,5.54967737036,10.4518877551,7.31642043976,1.58023680907,0.944439598562,0,9.60014880521,41.0391236546,6.133555275,0,7.48047893377,0,10.7897591383,1.07126006256,36.6417646974,84.0309682523,11.1603097306,86.1729220901,7.07051219082,3.45523954761,30.1114325718,28.0222562992,13.8397735317,1.9090035924,3.93957381397],
 [38.3736935798,95.2243532699,11.1519327688,29.5712212261,164.779446819,20.7762718156,2.88765187477,11.1587648224,3.17616029992,17.7232682771,9.96309488134,24.0730529359,0.873578175085,1.02789261064,11.1102828281,277.373056947,8.88048348782,7.14769149643,0.948229088217,1.09157560481,52.2700714767,8.27418270323,18.5642147034,5.19984575435,1.03779448225,4.49791450191,9.86543408578,9.04082278888,1.82153757166,1.2272974281,0,9.60238192708,42.8664036468,5.0072549803,4.54931074656,8.72808669353,0,11.1121139407,1.09454884232,43.0781464369,93.2398059158,11.4952583522,115.487936554,0,0,31.7727690463,23.9136278979,13.1338078827,1.82593625243,4.76373572563],
 [40.1345128954,84.8097077655,11.1353367069,30.3078887142,163.96899935,23.5560062353,2.73605649669,10.6409738706,2.9193716732,21.883217321,9.68963627329,28.1979151205,1.00844683697,0.860148185489,10.0923162647,296.265460742,9.30592126343,8.57004047346,0.976412844538,1.07212901198,65.1181524244,8.43613352735,22.4159391982,5.47040107643,1.01993023498,4.80792616816,11.0564137974,8.2923756464,1.95234903299,0.922392418481,0,9.00766860378,44.6700202599,6.316675315,0,7.87712786954,0,10.9094553834,1.01460319486,36.0765466705,89.7745113606,11.6397987961,122.898569164,7.96699931615,3.50328798668,33.1682677673,27.8326104496,12.1981536713,1.86495082808,4.35180397762],
 [40.4163377172,98.9869152097,11.3883313196,28.4439135244,163.419945753,18.5694692061,3.43608238338,11.3755024658,3.5125167774,0,9.3305754081,23.650736055,0.858144029695,0.907680589131,10.1754551008,283.794447744,11.6936075705,8.05205563885,1.13570812768,1.16176832367,63.4751363144,8.30767039768,19.8353352113,6.88512417838,1.06051471751,5.11664602808,10.0249971017,8.20058253858,2.44831512822,0.97552992598,0,11.0570410068,45.7285835151,5.68607901889,3.9112360255,9.18620714464,0,0,1.03167159486,39.6350645381,78.933818134,10.8178864878,137.511623622,7.61385011999,3.02050053496,30.9361916289,25.1801847757,0,1.93431365994,3.76893351377],
 [0,101.342387971,8.52466080005,30.8017016946,167.466246783,21.5979473039,2.6182192495,10.8810328635,2.84573755459,18.0909696594,9.21417373212,24.6213240413,1.01884186638,0.854777230891,10.2798895106,277.487928863,9.43680352513,0,1.07551892594,1.1446891198,45.3198571658,9.37862312478,20.7245406083,5.59863653058,1.09821682697,4.84627288437,10.3033250339,7.79919778957,1.93079087025,0.762971672128,0,0,49.210446204,7.02481216281,3.30105783922,7.84202920058,0,9.23659641676,1.14573202143,39.0685185441,81.6791334763,10.7844376423,103.574036514,9.15933732454,2.71737960364,33.7681083097,29.6495156774,12.2035748921,2.21636872851,3.8660534578],
 [39.5962371926,104.995997843,8.29619306761,33.435652198,0,21.465077818,3.36045096526,9.81515688716,2.53511739097,0,7.46997975768,24.7569270332,0.844303583882,0.861088342336,10.3779777424,266.091240529,10.997286613,7.7244677982,1.06103030971,0.919330857836,58.4428673569,8.81094511873,18.8382381361,5.54334129442,1.07382646726,5.03815120381,11.1112861213,7.88760928831,2.13735749065,1.21779758532,0,9.17150629955,37.4737379077,5.63894847543,4.45183115041,7.5687063526,0,11.2827292457,1.06521670996,0,81.8455676365,10.414282766,110.521644313,8.55124298917,3.15929771643,26.1963816357,24.317803909,12.2330691596,2.24046096173,3.92593985165],
 [33.1771763045,90.6767099536,11.4017984794,36.0698146575,166.318827756,17.3119664771,3.16120472008,13.7937979476,3.0747399794,14.9516241082,7.54675914041,27.4840059261,1.22622627683,0.866142493532,11.0594267352,259.513149055,0,7.70770752745,1.10552840439,0.944962799842,55.2959344657,7.44480867329,23.9105203127,5.42916401008,1.0552851177,6.03231303268,9.74897164323,8.10455794119,1.92126681807,0.859345022454,0,7.6612889287,37.0081428864,5.76075430945,4.1583831589,7.60156391322,0,9.75774481243,1.10170436204,0,89.8555532333,11.5807595216,131.827353329,7.56287920867,3.12123304833,30.3878397139,21.7355099339,10.8022420579,2.03635818698,3.52226837884],
 [42.4383398026,85.183649157,10.90095208,29.5188133156,0,20.4805357138,3.13718705335,12.8402248118,2.50838285874,17.9348653593,10.2904078277,26.1833246224,0.944041162494,1.04652490642,7.98650384554,304.887840002,12.1430627181,5.89595594006,1.06940811084,1.07902120715,51.9624470275,8.81561810276,21.5534441324,6.77806120141,0.973979285916,5.35962105588,10.5722435208,8.40136003627,1.71020171175,1.12460034591,0,11.1102196631,40.3450023643,6.61299477434,3.11325486468,9.07819751846,0,8.92498538794,0.970907971716,41.0268174163,86.7954407809,10.1822400745,125.804828931,0,3.16255002296,30.9793982689,25.2152830226,11.030249112,1.79613112024,4.13415658551],
 [34.8790128491,90.1135205264,10.2823878667,30.6178273103,172.102470676,20.3968939202,2.62042397734,13.0161010515,3.22367939073,0,7.31251170811,25.8173078143,0.872645843377,0.904571709509,10.2139586451,271.017642659,10.6441346289,8.09129801146,1.18276895348,0.923677410568,45.7327495983,9.52335001548,21.1605339398,5.94771958528,0.868373806398,4.17450918439,10.0598690029,0,1.85514824649,1.12982168698,0,9.71911392841,38.9869945685,6.36732025046,4.49782805393,9.10126986039,0,9.49257772215,1.06612797541,40.6326944797,85.7809450939,10.4494263327,126.173191891,8.34649440855,2.94557796201,30.8085907122,27.8897786264,12.4104659928,2.13437411879,3.68699358163],
 [41.2904969841,88.249578552,0,26.0295070613,154.817308881,19.4358649927,3.15830061058,10.2180428535,2.90019596558,22.077381109,8.94909812595,26.9949971152,1.08191291673,0.945342732009,9.03835900957,231.837543754,9.99998735237,8.52787070355,0.973302040893,1.0304474986,45.8655705526,8.80216662915,21.6794190654,5.23053277193,1.09163691654,4.56023142673,9.44278989527,0,1.69214536905,1.01251524807,0,10.625593576,41.7568730753,6.22124289556,3.97021510663,8.17524934084,0,10.2695827964,1.15645623599,41.2761935176,75.9878654722,11.5101076034,126.932764963,8.63450869485,3.46878223831,35.1059762892,26.844541234,12.0561794756,1.92734868638,4.02512024808],
 [44.8084340258,101.054003581,10.6688900688,26.3844786801,150.588562454,19.4284476665,2.92413236665,10.368530043,2.80095529313,0,8.55698476251,25.8295219876,1.01621897308,0.931629390876,11.2581988958,238.440736233,11.2405327413,7.75415566693,1.1387138447,1.09545121997,55.7442602295,7.12754379414,0,5.89944466993,0.900848681021,5.0351133587,12.3818849146,8.57209866327,1.80417835973,1.07385523779,0,10.1050406022,43.6027481186,5.67909810579,4.01696927159,6.03572618522,0,0,0.911070094256,39.8474590344,97.0067461682,12.2160182373,116.32389612,7.66248851504,3.1065083094,33.1528338134,26.0689950909,12.8604893044,1.943153596,4.11887457449],
 [44.5530813298,79.4303405067,9.72897364906,29.4260983048,155.24914908,20.1906867569,2.84728358105,10.7668262215,2.92431662212,0,8.24726553527,27.385347555,0.915860771998,1.08314515094,11.379142297,266.173614649,8.52844881356,7.99586669998,1.02479228374,1.03186515403,57.4417371753,8.89169508143,0,5.96903592414,1.0563558757,4.70304818502,9.59243064379,7.23833530652,1.82862725122,0.961837314334,0,0,50.0609105337,6.43384596759,3.37482379721,8.75475554061,0,8.87987083123,0.979962022606,45.8442121634,93.5578168904,12.2746199395,130.496145667,7.78969709408,3.02372945744,29.6374559782,26.2900887236,13.3760096249,2.24870485053,4.37877248578],
 [35.0559525845,115.89403453,11.1175119747,31.4960067929,202.68578462,21.6618783383,2.4454583822,13.1090704442,2.95073279035,21.7087351851,8.39698723897,21.0330077508,0.985153265647,1.06727310102,9.75117395069,284.883335692,10.4639880494,8.0804454582,0.761717463953,1.05230499034,51.7192747516,9.04914502508,21.7578493505,6.6590579938,1.09161020874,5.10475872959,9.67881973909,8.16245604599,1.90758718772,1.00500761145,0,8.82959523882,35.628170813,0,4.00543168687,6.97547020436,0,9.28929070483,1.11007124691,46.1389986948,95.8266164298,13.0137579321,122.054517165,7.86236835072,2.71861331106,29.7774506437,27.97611989,12.2321936025,2.04746937152,3.62028620314],
 [33.6583964035,81.9165526902,10.4467652666,29.8611489727,183.174301778,20.7657314177,2.3839831476,12.1436915134,3.42461394399,18.6801684124,8.5349386978,22.3607710437,1.1945304022,0.956783536545,11.4753545646,295.452133899,10.6632692029,8.77282582134,1.02841082258,0.95419842606,53.3900948207,9.98925479302,22.4475625783,0,1.00702502362,4.80731011819,9.7320999192,5.98548859973,1.80928148856,0.987191408021,0,0,38.1619959192,6.42345487752,0,7.43661603786,0,11.3089490977,0,41.8791309214,86.4941701399,10.2103740715,121.334296833,7.7551939498,3.05213481029,33.5843330251,27.6975714307,12.2426518873,1.75052325179,3.57504176183],
 [45.0117882421,93.4849594576,10.8228244135,24.1878529818,187.639398448,19.7294009825,3.08846293527,10.9064805051,2.80433200634,17.8607785834,9.0323289254,28.8366684891,1.15053868081,1.00132887526,10.765137453,261.642523547,7.75793815214,7.70609355665,0.998996632132,0.863041601905,49.5798461547,8.21865672176,22.478009393,6.1429687993,0.927600437533,4.95848963925,10.0687811408,7.17580545238,2.22595841531,0.856006177018,0,10.9170603585,46.4409806427,7.2859156306,0,7.5800296654,0,9.45872682899,0.993338435279,37.1449474932,91.4520992452,11.4965908058,121.635416656,7.89160707798,3.65705155954,36.5644059173,25.9087302845,11.9938194259,1.71728942973,3.91747875544],
 [40.933409783,89.1107544936,0,30.4935231166,0,20.3949189861,2.90844927413,11.8060839088,3.01486029508,16.5729874315,8.67716629311,23.1520377869,0.896826955546,1.127094835,8.90444631118,247.744447492,11.5762066994,8.22775072815,1.02148509524,0.999431228701,45.5906176614,7.50408202133,23.0699077195,5.63937476648,1.12230636639,4.78948854778,8.63136789277,8.60754540832,2.27907256907,1.01321364362,0,11.048407706,39.102620116,5.23729387448,3.82175547158,0,0,11.5767948637,1.02164418382,28.9770116974,85.2826825494,11.578029957,132.638492636,8.01825624844,2.85940453766,32.3888327224,23.5028955379,11.9906410415,1.80187100708,3.93467336903],
 [46.3090616452,98.5355756686,11.0935494518,29.7678815778,186.830134727,23.2595056152,2.96719291244,10.2326558418,3.22649247211,0,8.75528358181,20.9340138615,1.00616682946,0.971478394354,10.2050251631,0,9.7814191768,7.06381778093,0,1.06119308615,51.3119021205,8.94431735354,21.376327805,6.11719627569,0,5.45309809782,8.67549424954,8.96801534419,1.99943941833,0,0,10.3562146,0,6.01714390352,3.78532111894,0,0,9.19716358494,0,41.9192494809,80.6630716738,11.6112722032,121.285875264,7.5911645137,2.71026777726,22.7489838603,33.234108827,14.2525842899,1.8828901334,4.48234312529],
 [38.2287351531,88.6768991998,11.8888656802,26.5983906664,156.548637747,19.9132506479,2.70306113684,12.1175666925,2.77756956441,0,8.34656722748,23.0091775957,0.903839139612,0.806963843128,11.0970267179,314.572455369,10.3486741621,8.54311036772,0.924836221284,0,49.0118919538,6.96552958068,17.5422193922,5.83473159078,1.02450081189,4.62562034071,10.7760691511,8.14054543783,2.00545045247,0.848895107354,0,9.65859507969,0,5.85605102004,3.91093652992,8.49036367996,0,9.94803055873,0.970183743554,45.5904393737,80.9406941231,11.3190371275,97.8844142588,6.65012633804,3.54257243931,29.5575543632,31.3421975182,12.1801436942,1.7772833157,3.54941975626],
 [0,96.4168178946,11.0422128613,38.357416537,159.533515469,21.738589516,3.41002494839,10.696458578,3.14385155985,0,8.48054628637,26.9645997421,1.01806521309,0.976300861921,0,301.568222883,10.5519979775,8.74918893425,0.986033620113,1.10057843026,47.814746501,8.08630646501,20.4463583379,5.70811003587,1.22740083852,5.05146590993,10.3294885776,9.16746989746,1.94456222435,0.920517452598,0,11.0538849109,37.3356385492,6.4732387869,4.07902212485,7.40397280883,0,10.645607262,0.967701492,37.8373812022,85.7470732161,11.2268325385,125.060829832,7.68432127485,2.84063465336,27.8475538041,25.31152061,10.2972100569,1.86639728759,4.11467194106],
 [40.4042579771,85.9321745989,11.7584523399,27.3070066938,151.578650332,22.5556574817,3.20228638867,11.2772867379,2.75400998793,18.360463157,10.0871400399,22.7329387464,1.11046399259,1.00524188578,11.5247442981,272.245313538,9.60931045192,7.58002153605,0.898857326239,1.12326719204,43.7765601213,6.72033122674,18.5406240167,5.53769762652,1.10116109731,5.47306389149,10.2189392097,7.5841589129,2.02885777879,1.05317470882,0,0,47.1143567045,6.0706559512,5.02651949883,9.71143149869,0,9.83651846027,0.910255376771,40.8343316012,101.837480719,12.8497051072,121.282994637,6.04951245974,2.93052327509,33.6942094059,25.3857922791,12.5919866722,2.05233021504,4.10727966162],
 [36.5175537875,100.129747829,9.78709039187,29.0166384583,0,19.7077493495,3.08424241174,11.4376664099,3.50340597133,18.5944178276,9.56371882041,23.0879647162,1.07439966529,0.914870933001,9.19409856294,0,9.05522011062,9.05613730237,0.791276188983,0.918568286336,50.3442902261,7.12705531176,22.3409526754,6.90523556595,1.12987154593,5.82954134196,10.211760025,6.0980346149,2.14911576473,0.95851704887,0,11.8602127872,41.1901225171,0,3.50131956785,0,0,8.66355973543,0.904000601625,31.3194233668,98.7520182788,10.3866749009,101.141995237,8.93464135671,2.65547009537,31.3103636953,31.0103543301,12.0464125068,1.9360785531,4.43252709524],
 [44.7352822427,86.3366472359,10.1295274531,29.2900898667,151.985739154,22.0229124388,2.88133738442,11.2554640787,3.13165074432,19.6492703007,8.36641408044,27.1469338537,0.941311059221,0,8.23988433137,245.147710452,9.11803199149,7.8952023061,1.02719851432,0,47.0924169769,8.70838261906,19.9803189013,5.9493009156,0.932130922936,4.6365182554,9.66897391023,7.57010856032,2.18331140449,1.09773423809,0,9.06383756441,47.4865587769,6.13478763449,3.80306112456,6.59655302154,0,11.2527907008,0.992413302557,45.1866495225,71.7107406179,10.0781662513,121.185093434,7.02890229652,2.96138571904,35.922146666,24.3048519621,0,1.8805970128,4.066569601],
 [37.674831336,94.6845275031,10.0261234542,25.645972294,163.065917725,19.6076911759,2.59856112342,12.3444979454,2.83529921406,18.6431836737,9.94274849354,22.9956499979,1.04453465323,1.04385389383,9.31314716913,0,9.45856697446,7.67451724555,0.805289807691,0.917065733399,44.163858469,7.31687183391,23.2466191116,6.07261121817,0.845178108961,4.94013894536,9.60670459007,8.6354750529,1.62294840442,1.00723850465,0,0,37.9310210523,4.91034493098,3.51897562718,8.31521857734,0,10.3473703988,1.14065366722,40.2965358414,76.7070077768,10.4704053425,113.304105595,8.37018371899,3.08713137752,33.0549638935,28.896115421,12.3301649396,1.83669373775,3.86047781415],
 [38.7019889135,104.727378395,10.1555216652,22.5954957807,140.679752359,18.9605832127,3.30143833005,12.2249981022,2.71773664597,19.6313310807,10.1305278976,25.0597742249,0.864920610544,0.97592041566,9.27147870542,257.44945453,9.2741583132,6.99732693837,0.918496152904,0,50.2325977329,7.87626769963,23.685403679,5.92335295206,1.07705096241,5.47767739395,8.77012081922,8.0706817548,2.0409594189,1.13152593381,0,9.78463828659,40.8694713634,0,4.35738195736,6.6507088838,0,11.2159033076,1.06383407212,44.1840468253,88.2835679521,11.8776123554,119.289480509,7.08843260159,2.61220111071,29.2370114077,26.7476737443,12.749220459,2.29789401785,3.78879984679],
 [46.5741978407,102.527913478,0,30.8849033773,154.733601395,18.5997190483,3.10657776466,12.1231037371,2.62759491663,14.8796602236,8.69970069745,22.1463045085,1.06040949282,0.993021547196,11.4739466032,277.051937742,10.5219627101,7.9438389568,1.10400731366,0.907213108797,54.4195915292,9.07459720022,20.5875285737,5.69572709522,0.94841979042,4.56809173753,10.9754945797,7.26749751192,1.9461713704,1.11183692856,0,0,33.2747229243,5.77351780101,4.4925016926,7.81283880538,0,9.6068411086,0.874927304834,35.2785085981,92.9861322212,10.0694627122,135.556726921,7.09954759495,3.114046929,29.8325957057,29.3283726318,0,2.16561450906,2.99888786213],
 [29.6188537651,95.1922056823,9.4991735769,30.5090534504,167.184225917,17.3247160452,2.99275438533,12.1389324364,3.58145237338,18.307349958,10.7565209333,25.3666324868,0.867543891508,0.922247054259,10.2959231262,272.207592367,11.6893295312,8.73732643379,0.975668393939,0.965076633427,45.9739382009,7.40495214576,21.9635466396,6.55315412365,1.09539533732,4.91756948128,8.48427747037,8.10239822641,2.32565392037,0.840553938488,0,10.7247224295,45.7665778331,6.51153955485,4.14461741957,8.5810409396,0,10.4941368138,0.996843928178,33.84346052,92.2137057541,10.3718037572,125.51782839,8.44833878997,2.21244403578,31.736150881,22.9551552212,12.1487293674,2.0071076888,3.43187462156],
 [36.2396496209,86.498391611,10.1307381011,35.7628038527,167.750667563,20.1626704154,3.01770805369,11.6997515302,2.8302976631,16.9534806015,8.228310677,20.7269464773,0.899433692083,1.09550474444,10.3704041777,0,8.96664218589,8.70442348197,0.92674267286,1.00426446898,49.6813638515,7.53747322643,19.9236061442,6.56919479037,1.17476947929,4.60092267746,9.63621688869,7.85204708751,1.81496288557,0.847211469589,0,9.8247649643,48.4682917953,6.49910792534,3.41525401871,6.4026485111,0,10.5075458655,1.0656322409,0,85.1541619645,9.92747412444,105.074965356,8.76871082412,2.72494120024,30.0094249414,27.5931389217,0,0,3.72551920714],
 [40.490369902,100.1723495,9.68234272884,29.8387702368,170.757496779,20.3212018799,2.69246491766,12.8806386475,2.57695689959,15.6656244022,7.44159735557,28.6461223321,1.08090307291,0.858782449937,10.2286785473,275.314738242,10.362222701,7.43585020168,0.938305439092,1.10969176898,50.0097699038,7.55930694566,20.5826492527,5.56521279824,0.953590939024,4.39015344986,8.64380057414,7.83290974123,1.8759729551,0.933317977218,0,0,45.4729836712,0,3.66794739605,0,0,9.73259439522,0.959858583679,0,84.0447293518,10.7326644238,126.294462892,9.02336478803,3.1807863763,31.9307356843,28.8063598919,13.7179041154,2.09680911117,4.11771950571],
 [37.9799733266,84.2723279528,9.55209048564,34.0514280994,167.460557601,20.1247102729,2.85305355044,10.6312748088,3.09581740069,0,8.39768135981,23.4724727669,0.97563870166,1.01227713446,8.62479391228,332.025141062,9.37842071267,7.80476813628,0.959128648209,1.06157365812,40.8218734622,8.42500542237,21.7795103984,6.21437747887,0.916515907244,5.25015876908,11.0658906867,8.70024710159,1.81695598516,0.899742382289,0,10.152294105,39.2742247522,5.56443972502,4.59326402845,7.97428178675,0,0,1.03837427966,35.5888176829,97.4477540812,10.2717110274,108.598122512,7.34828791189,3.45911305302,30.5653180006,28.7011682119,13.3444751293,1.90647014337,3.85179403715],
 [0,86.2551792152,9.23657315667,23.8304216506,167.977556711,23.461618808,3.21724663904,0,3.20086380657,15.6960111938,8.21030978825,22.7602179475,0.968090037327,0.957627633755,12.480804687,222.53586154,8.82273196752,8.71227238328,0.713552720084,0.982098339205,53.8986824599,8.51709955119,21.9651689173,5.84266183251,1.11698895468,5.09299316928,9.80113784023,7.41388661399,2.08859163629,1.08563478871,0,9.39658256773,34.2771653428,6.14248867763,4.08964972197,7.53624376547,0,9.42190883174,1.16922220232,46.879166535,88.7303896861,9.699162278,112.897432249,6.83266643371,2.57268173963,31.4577996799,27.3556295705,13.9423331648,2.29448964931,3.45300659763],
 [42.805842629,90.301416087,8.31582118787,26.9244811763,154.199802556,20.4174881553,2.86607331983,14.028840584,2.87338496713,22.0084544891,10.4053838668,26.1393051236,1.12114692688,1.17903080687,10.3881843657,295.514862124,11.3260708847,6.87491662579,0.894567284604,0.928759576586,54.1317889321,7.9975450333,26.2992497197,5.10659060221,1.15675655255,5.33237965259,10.4352147214,7.40202240679,2.09122298178,0.911735276993,0,8.76443591108,46.8828973579,5.48442400929,4.75883375668,8.60127350583,0,8.21323795441,0.865296110923,42.6338601753,86.146556346,12.150441613,154.620409006,7.32553979369,3.38028767077,0,27.2295497225,13.2242672855,1.97721692577,4.44802807261],
 [41.486725193,88.8320521452,10.5487757296,32.9286727105,150.702132414,18.5667048616,2.75098644128,12.6037382226,3.28556822101,0,10.2325296378,26.8421846066,0.950046840806,1.07605509467,10.6711148196,310.932209327,10.0859526607,6.89773894333,0.888548078501,0.940275966945,46.1562527531,6.20492814903,22.6720170031,5.92504907868,0.983362263198,5.08530883682,10.0845495015,8.40070532528,2.1883081185,0.957207881499,0,11.380581594,39.2777197538,5.98251687774,3.88996007367,7.65431796934,0,10.7686509153,1.08552987685,0,80.9586321038,9.26109912491,100.116506437,8.40093780769,3.28108783419,33.7022113658,24.8939345335,0,2.05746270553,4.4100725697],
 [38.5842555007,89.9312281312,11.3602188829,27.6798682657,164.888029603,17.7641307512,3.00249024807,11.6416690571,3.2273141202,18.8144186851,9.1185859805,24.0575757377,1.16393514471,0.997239757394,12.2493651725,283.005187916,10.978310897,8.77100953363,1.00001554134,0,57.4761138597,8.05286065005,18.9302750031,7.13378290307,0.828180315921,6.21276269688,10.5256423707,8.59818306892,2.1018319212,1.16895064348,0,10.3852754313,37.5842996021,6.25535291983,4.35242586734,8.39855458355,0,9.88887601638,0.902515672478,38.0189978318,91.9171581873,11.5039145193,137.837916998,7.44364372704,3.2530092015,38.070864923,30.4508200216,11.6778786276,1.82632903436,3.87137792205],
 [0,108.352821617,11.1461338044,31.1604071719,142.100529606,18.2670968556,3.15769439634,10.060340426,2.67981178375,17.0775527606,9.07180871156,27.0092415013,1.11792464017,1.01096747137,10.7326294102,322.970490903,8.79104500571,7.83411601116,1.02237511112,1.1936817517,49.5544139817,8.58435523578,20.5388527591,5.09238474846,1.01427735496,4.57170119755,10.6451827536,7.47547420971,2.22577912601,0.817669366104,0,0,39.2363091761,6.35436381795,3.90601855012,7.02250790577,0,9.9083948287,0.955689423947,42.4623116133,95.5391030914,11.0428110956,0,8.60930450114,3.20374437483,25.4158017377,30.1742488082,0,2.01138841562,3.30459116037],
 [41.8820463066,79.7776785812,10.0410303204,26.282367494,154.40869615,20.562881251,2.88858821763,12.0600274355,2.80514600234,0,8.5561513889,22.8871750264,1.10802692085,1.08235403926,10.2532026011,274.889244616,0,7.08981592121,0.981029935273,1.03115903276,51.7680970258,8.4832267602,16.9064350946,6.37343311516,0.996187970112,5.69724771834,9.34917578018,8.81629892352,2.17057374439,0.88200558475,0,0,38.0660423784,0,4.41911950445,8.00057195524,0,0,1.03377916675,38.3031722343,102.220678188,11.8413977972,106.692161484,7.41168566404,3.02477216337,32.1040709813,28.7880584625,14.7460937123,1.71260971475,4.0249368676],
 [44.6442627566,85.0528529599,9.77443160427,28.4842250058,154.779956371,21.9849360644,3.25631014159,12.0864245908,3.28748355184,17.9280304676,8.19172819032,32.2775145329,0.884281208471,0.88214128111,9.56769850383,322.106438689,8.24508599386,0,0.930058242019,1.06525851584,48.1425968201,6.63959750194,23.1699929445,5.61295106029,1.16225765364,4.73991680896,10.0106267699,7.82923330612,1.87500069809,1.03513334282,0,10.8269590528,43.1475013362,6.17845367977,4.58121373362,9.55069551158,0,10.631956555,0.923191274093,34.3706709949,88.3782155249,11.4405547126,127.633695951,7.45468252962,3.1421453729,25.7655184371,26.5012964716,12.6671264207,0,3.40252318786],
 [43.8130287964,100.138344839,9.39147851229,26.9045858703,144.732493026,22.1048914229,3.00386718867,10.4683022516,3.21778625075,13.9331379913,10.1904088628,27.567762219,0.881933779665,1.00352307891,9.37056261202,263.133755045,9.07148327833,9.27975406986,1.02709029617,0,49.7286652105,9.2891460885,22.1151147017,5.0576362273,1.09846156332,4.86033186373,10.1000851926,9.00883378667,1.71573401351,1.07243599839,0,11.1482221987,44.557245813,6.23363903226,0,8.07629913168,0,9.68316470981,1.10903504338,33.9813148668,86.9632206264,11.6092825085,118.631010098,9.06122659416,2.97248378445,36.5864525978,27.9240165941,12.4975713094,1.84784042562,4.07779411718],
 [39.153295832,100.541621925,10.1557370666,28.9089177649,147.946369844,17.2823105511,3.22922882721,12.3052865681,2.83189053999,21.1301047059,8.84118421765,22.9972659204,0.789653850607,1.12844843254,9.9024906456,300.067842429,0,0,0.9886670339,0.97390535499,42.011909634,0,19.8077443334,6.24379608937,0.969785367674,5.49998775046,10.4055053958,6.61490618462,2.18848188488,1.13641741382,0,0,39.4536436108,5.85242645377,3.65015280718,7.60450314414,0,10.974465273,1.04856490176,42.3076466471,86.4380066855,10.5589806375,123.048647302,7.27274379249,2.80683141118,32.691243178,29.043038062,12.8435360565,1.95057409132,4.50022594522],
 [36.9526327744,96.4424794813,9.34837717013,32.7007915307,0,19.1781772462,2.70632350734,13.014664123,2.95249250645,19.4992049814,9.04252668965,22.3966243379,1.06469897177,0.939949914822,8.95301264047,305.756913334,10.5820853168,6.73159343176,1.03271909157,1.06527863923,46.2909713596,7.43002046185,18.2802438825,5.32564041528,0.984953777856,5.01963844309,10.5256809489,7.85712502238,2.44719822816,1.07253203581,0,8.72987747173,46.3298234094,6.28251895909,0,8.44568733365,0,9.52468743599,1.03749374965,38.2565219827,98.0686161855,7.54293944798,123.775483447,9.48011387582,0,33.8201386741,28.9708768316,11.1712735862,2.03331752622,4.15103779664],
 [35.7580997669,89.69224634,10.8605948289,28.1373645514,172.993057078,18.4975084977,2.44690818138,12.3138343259,2.95679282798,20.3290844127,11.1784320583,28.4773117287,1.06653839286,0.95740594796,11.1040299281,291.234205777,10.6244761833,6.78740235704,0,0.985580580562,49.0612720014,6.8549583937,23.4645675931,6.70176312852,0.930757870315,4.06203447582,9.79979413622,8.55714980323,2.13868643567,1.11450811582,0,11.1990583352,50.6244609685,5.11283043946,0,8.33647070143,0,7.49225024584,0.862551111474,47.0383977714,106.624498848,11.643390679,127.297013168,9.17355865936,2.69953805993,29.2835930855,34.4590685242,13.0431643444,1.90044281816,2.8664859493],
 [45.0103880363,94.0528437048,9.97426575387,27.152043506,155.581337355,21.7506399115,2.95089958797,12.6315174877,2.83382574581,17.086800764,7.07410475759,24.3895096988,0.990862471005,0.891657243966,8.89468163872,264.203751461,10.0827705962,0,0,1.03518076891,53.0609031042,8.15937918625,19.228113768,6.83868842533,1.12790899855,4.45369150433,9.48509613518,8.0562465037,2.1614178295,0.922457087881,0,9.5044053868,42.8921036177,0,4.69828339332,0,0,8.63748594664,0.972215491712,43.0827559506,72.4604204955,10.6638727086,107.282770645,0,2.95992058904,31.7032189349,29.2161692011,0,1.69424785027,3.21211009392],
 [37.0028095708,72.8212857236,9.36271864527,30.7055397951,167.486498778,20.6773794481,2.86309457592,11.2058745776,3.14156759888,0,7.99719667563,26.2021949901,0.887610261124,0.966895655788,10.6868575637,253.275763146,8.86116138138,7.64649310868,0.922655461858,0.996743841642,41.5610244296,8.01108926875,22.7250993576,6.11369574163,1.02933060231,5.05045639869,10.3482390815,8.9382869513,2.2016852199,0.928425827185,0,10.9534846604,46.9091000148,0,3.56460779871,8.7795173177,0,11.0050754879,0.986322445534,0,75.1560477509,11.614523703,124.684610621,8.62584486631,3.42444333225,34.483402589,27.8736588324,11.479694467,2.17441621013,3.70135924527],
 [31.0950609812,92.8456524817,8.7586732055,33.8425851498,171.713727153,18.7108981904,3.61331450122,11.0438932199,3.63673780044,17.8214183306,8.84273574532,26.763936311,0.745225372476,0.941215799363,11.4723372263,265.362958477,8.12911309076,0,1.17158139877,0.991179885444,55.666306151,6.94606179831,19.9320507734,5.93355054382,0.81631730477,4.86092379724,10.4576699828,7.92874902879,2.25384213101,1.11307776825,0,9.1177644485,48.1665302348,6.56753866994,3.80851189811,7.05227881874,0,11.1637218425,0.838947727782,36.8273587911,71.6391191359,11.527648629,109.521579986,8.34614883847,3.24809324474,32.9055760677,30.3399505204,13.1575603514,2.23717730824,0],
 [34.9342053254,94.2555781776,10.8506849614,28.8892945102,158.378196693,17.5480523281,2.37807210911,12.0391895095,2.57424496349,0,8.56545015873,24.0655862324,1.01086814727,0.946841675578,9.52244087926,325.363300135,10.5295520402,9.28879368137,0.998177198123,0,54.9664945992,9.06776806233,25.0399203487,6.13298518746,1.13001778587,4.28272202923,11.5434442932,8.93030503095,1.89783357969,0.993333918005,0,10.5874506396,40.2657896488,0,3.99545710667,9.51527747784,0,9.5682166012,0.928001824478,34.4969777137,92.5245714002,9.47526540246,103.894256811,6.66821643222,3.30674107917,37.4642031551,29.1435311159,14.9082588654,0,4.02386660709],
 [45.1679991801,92.0494855671,9.94429584044,27.3316229901,164.439453056,0,3.33681147736,11.8945088043,3.61533914247,16.1520260981,8.28778424673,26.7284339759,1.11073222069,0.972068847522,0,256.766928227,9.42246342179,8.44634387871,0.895654711887,1.05178686292,48.3298508161,8.72795258306,22.5298315146,6.42626749567,0.918616350445,5.2937108967,8.24101107211,7.89962464949,1.73476868705,0.823080396295,0,0,40.8175516414,6.3368620877,4.0951530487,8.06432055781,0,10.3801957366,1.21158666628,34.665835074,92.2796480172,9.97342023862,118.918706033,9.27672829483,2.90202985868,30.7796262324,28.8910879622,14.377394671,1.87716602583,4.76802682825],
 [0,85.5778220243,11.1162001564,31.6965534814,151.467917247,21.9721035167,2.96549388143,11.8780692791,2.44542158814,18.8995620429,8.83794597148,26.7977521522,1.01858195476,1.06448544361,10.581614515,293.335417572,9.81947886914,8.33653190775,0.972529114294,1.14462230201,51.0484632743,7.07788160561,21.407292149,5.60607852041,0.971930564179,5.17396662045,11.0119600973,7.96094108226,2.00124200564,1.0101095923,0,9.00014325948,39.9040814339,7.29383351111,4.55936311027,6.89005320727,0,10.5661233079,1.03603421233,0,69.3822559711,11.4944684496,123.200202909,7.66390062705,3.03463979687,34.539214115,32.2382209153,14.2513720848,1.5972230402,3.78101572833],
 [0,83.6217261144,9.17900951232,27.0538294084,163.671736769,22.5234813754,2.91398671349,13.5354351756,3.05397477612,0,10.088502091,26.7239104873,0.93282400811,0.990674085973,11.483607772,0,9.8832421753,7.46268812416,1.03897375052,1.07317265282,46.7520210625,7.20740488121,23.9924432951,5.52084861149,1.01135621455,5.04958649329,10.5086499476,8.39601095679,2.18427731243,0.964508209249,0,10.3378657335,43.5961580106,0,4.15632143366,9.33124255404,0,9.40781266824,0.872785758204,31.3851977704,80.2660627372,10.8445428538,140.128292037,9.02024034387,2.58439915585,30.1944378264,30.8125950439,12.2112253688,2.0049272111,4.14647297414],
 [36.8434543759,73.4644336624,10.3552181995,33.5742733161,141.930339282,17.9291668989,3.24363969498,11.896716743,2.79728313464,0,8.65962018745,23.8302557198,0.951722443472,1.03133332909,9.62059259536,301.455525573,9.09998246184,8.37047626154,0,1.06706676496,62.5273499357,8.31425935954,16.6937062925,6.14809538198,0,4.41522972766,10.832897214,7.01322409063,2.37873935405,1.15084272323,0,10.3978670764,49.0639687246,5.99475706441,4.1411880845,7.28377294625,0,0,1.11920090033,32.5727198864,90.9985023111,10.4728846931,113.221628933,8.07081229325,2.94363145457,31.8983189921,33.6746368074,12.5629015213,2.02634778824,4.65092476044],
 [46.4606527652,114.641856348,9.72055042754,36.693494864,169.179601233,20.588117599,2.9969403837,11.0074757744,3.31468208086,18.4528840423,10.294012467,25.4957170737,1.10347496837,0.981090906004,10.7578791251,241.244120652,8.7086911712,7.35072859642,1.15432276398,0,53.6703569031,8.4392030681,22.1085938583,6.97602663392,1.02658627876,4.87697490091,10.3600706986,9.1450633895,2.23226520729,0.824548796485,0,9.49196849604,37.1514370098,5.99914818618,4.18200149124,7.77653410231,0,10.5746380097,0.951900882486,38.8977912216,74.3328498965,11.1095707376,0,8.69957474457,2.66015928805,37.267155966,27.7671767915,13.009356685,1.94141375857,3.66561861233],
 [50.7641559578,90.3214411858,10.5499738049,27.1481334348,0,19.185001611,0,9.99889128754,3.4132651621,18.0623264329,8.56758112436,23.3126016959,1.00971027203,1.08303094515,9.68768227144,0,10.9192452897,7.62491499987,0.764467494794,0.975478217451,44.8537948855,7.02207163457,24.2002291844,6.0297393319,1.04565417155,4.10367745985,9.15530350026,8.04400298572,1.72722438954,1.18482884017,0,10.1423760379,37.3063179413,5.86931793589,4.08269570126,0,0,8.50674713045,0.965982930078,44.1606397567,74.7279645387,12.2307707342,121.308406334,7.75405998771,3.06879888888,28.2609681182,31.7494741494,13.6396930623,1.98422005881,4.79125610203],
 [0,100.893864437,10.704677874,24.426279253,168.320665418,18.1741944354,3.05322138633,11.5059579526,2.99767193617,21.8624050565,8.80984719467,27.9079070486,0.877229226311,1.01896612367,9.42650015515,272.536899795,10.2236323549,8.53319377768,0.995914703204,0.876048658635,48.4037988972,8.55106056756,19.4372423793,6.06593644998,1.04117264058,5.21167361846,10.8766420846,8.77706433063,2.06885555278,0.957325635121,0,10.3638571477,44.0407051893,5.84986293324,0,9.45382624676,0,11.8617051285,1.06782499707,40.0524874982,86.3313585309,11.8135490733,116.332329943,7.55054809474,3.43628186452,27.9222774116,29.4829043791,14.3071639643,1.73770889592,3.56785076702],
 [42.9381058756,90.2593911021,9.24284538235,30.3648296346,148.983796261,22.9592935862,2.96451882674,11.1038196689,3.26027815199,19.497087657,8.50520590063,20.9387943187,1.00934675476,1.11511059329,12.5489242906,217.423057473,8.54510054386,6.98010442337,1.03595368384,0.949683000394,44.3075362838,0,26.7067810968,5.39231503725,0.96484295945,5.59988484088,9.98016573884,8.83401380787,2.12474931006,0.91617911125,0,8.42297958224,36.9757129504,0,4.71363606107,0,0,11.9004896443,0.965460711715,34.7389767809,83.8371924228,12.694376872,130.725876251,9.16771823061,3.01227788031,33.9092284862,29.0714944403,11.4831096797,1.98510352316,4.26560852243],
 [42.1614311585,95.7448882594,10.2949618985,29.081821435,183.352710906,19.4656760965,3.20640375602,12.7325050498,3.16001256151,19.7137246735,7.48152477721,28.2385770204,0.967922388341,1.0690663531,9.70216881964,0,10.8889199206,8.19630608419,1.03323159088,1.04109732054,42.101617528,6.90286790491,19.2167783475,6.99726911214,0.952610497107,5.17966360437,9.49076754367,7.7604824221,1.54936350661,1.02858424206,0,11.2451064223,39.6930816832,0,0,8.14561276502,0,10.6816293902,1.06312008347,36.6888078872,90.9050076249,10.6267128605,118.351835131,8.37520660375,2.79367700126,34.5281138807,0,12.0449103593,2.47413277647,4.21769575285],
 [0,95.5927973839,10.4857147456,37.0008981265,141.178216888,21.9410765433,3.00161281141,13.474941669,2.55486598191,16.7498295584,9.55658951749,27.9828944626,1.18323772754,0.959406681236,9.46446352896,295.807257548,9.80507544742,7.75264423309,1.08655751385,0.923578066678,50.0761996295,6.75781335818,20.5859872656,6.49194715293,1.16209563835,5.18756308777,12.790490233,8.75816799204,1.98663469853,0.988096759766,0,0,37.6268731005,6.011606083,4.16820441516,9.60719267541,0,9.12848193456,0.913681291324,44.0912340098,82.5086182799,12.0692245295,117.027439363,7.4772483325,3.16435430434,35.3945510501,31.1365304249,14.8741892302,2.49331825859,3.23496860204],
 [0,99.5861489754,8.61996287502,33.6385234463,178.338735036,19.9388693306,2.75042620805,11.6790948257,2.97090325161,15.3750823043,9.76743210509,27.5031512109,0.812843109722,0.979694695655,9.19763972495,0,9.03217249343,0,1.0150347788,0.890778136582,45.9370129065,5.84720738975,19.6078987284,6.48307228639,0.909767146692,5.83590614118,8.74637525747,5.88997863385,2.06788684722,0.970376044559,0,9.80152698317,45.4751873556,4.83997508727,0,8.69573223867,0,11.0703371091,1.15337535179,43.3910467666,79.8152915167,11.3203321235,115.440983181,7.75349613585,2.80499384569,32.4551658835,35.0291162635,15.2541850383,2.15351293597,4.00996436913],
 [42.9579427279,83.6412444052,10.2407370883,23.5301960895,155.389343292,19.1246195016,3.06194117928,11.0572350624,2.80268046265,0,9.49593329427,28.0905970396,1.10176222622,1.02792976631,10.6427116118,294.368991562,11.2700658988,8.82593943355,1.07762064848,0.940006884896,50.5384541705,9.15436345385,18.6444986637,6.22615196889,0.804390322529,6.04351571741,9.94622267884,7.53341382998,1.76937599097,0.844547894781,0,0,44.2779765855,6.63306916919,4.41397274162,8.78229476384,0,11.0626296005,1.06085650611,40.4560182357,98.2817376775,11.243527695,127.345621319,8.50463383819,2.67952177871,28.1296406487,28.048953427,0,1.91920649759,4.48089751637],
 [34.9878394223,113.420762501,11.3792056189,31.0157225336,126.234149065,20.4987058096,2.51951486202,10.8883351721,2.8922702883,0,9.42070348981,25.0232369534,1.01647329218,1.11073286029,10.3940965779,299.539398915,11.2403837335,9.80457699748,1.08626699338,0.769998148982,54.1953160846,7.21787935683,22.5708839406,4.86575165904,0.734982287352,5.62136473282,8.56245338925,7.54899581298,1.82123253785,1.02775355806,0,11.9233214586,38.9368901311,6.48976172713,3.70450749691,8.03439688921,0,8.21174598677,1.15795011622,0,79.1238424142,9.66340132359,130.284015028,8.1316193689,2.44386793889,34.305954838,27.7148512134,13.3702073371,2.19644860925,3.862191524],
 [38.2034083678,90.3921394261,11.4032584182,31.0676685156,148.292668892,21.1497863894,3.34077900977,14.5919970427,2.61964699408,14.8505928039,8.99519942796,25.8516858951,1.03664526396,1.13577088773,10.7501925471,278.114724808,9.2393655356,7.33936684378,1.14387761865,1.11040120929,43.4022093195,8.03053379076,19.4755581088,6.62886676758,1.15453203913,5.25655113048,9.12529469768,6.92457052497,2.0531069077,1.15173635364,0,8.51445405026,38.567201518,7.02179110318,4.25784759578,0,0,0,1.0283234497,36.3148188468,88.8952385252,12.8018721624,100.436463256,7.63665211663,3.06123659732,32.6646673335,26.9779110431,10.6551710974,2.24284259036,3.21785420629],
 [43.2008460329,87.0649090197,10.5109856812,31.3196975582,0,20.0870783335,3.10255758069,10.5557353636,3.2635210913,0,8.27509074259,25.4723051134,1.11394536343,1.11596978027,11.7071679426,307.460190182,0,9.16183753907,1.0957454553,1.08736109617,47.3772898908,7.79855574607,20.3513749412,5.68258609867,1.01074354852,4.90636215798,10.6553068391,8.899463234,2.18605905244,0.919302216591,0,8.83628115098,0,5.28021787101,3.41691729235,8.36624588742,0,9.98402218454,0.974917677417,40.6241365368,95.4341216846,10.3434967502,98.4295231828,7.22651558242,2.87511924656,33.8285181334,28.8774259262,12.2061592514,1.96733787118,3.40970491477],
 [40.1682983198,85.5750518743,9.97605869069,41.2737478612,151.287323397,21.771600846,2.94863138246,10.9443262283,2.76254762835,21.7410219911,9.94555122084,24.4463829408,0.812593513294,0.995482257028,9.7667196324,249.301263124,9.69517609182,0,1.07027494268,1.16385793391,48.6177641683,7.83477618236,0,0,0.895315383821,4.63711141005,9.59959509246,7.85651533402,1.67000334548,0.957411310841,0,8.58123658098,46.219377703,6.06016358498,3.93568090231,8.50238791802,0,10.9064705533,1.22199594627,0,77.6622437547,0,118.403955239,6.81360067096,3.02929362789,33.2671277288,25.8905273929,12.8130290959,2.0280199804,4.6824155296],
 [41.3072897122,94.0968909912,11.9043203974,28.7759833446,168.71836246,21.4639182613,2.96812476548,12.7633599432,2.82720557354,21.6533685167,8.68347400906,22.4564634371,0.928136621569,0,11.156464041,269.89045485,11.2417111546,7.48041689398,1.05226768074,0.999262164127,61.1162858456,7.83488753086,20.0617129895,5.42609258571,0.916420899758,4.39372051607,10.8272972081,7.3330739544,1.95583830258,0.862642247903,0,9.5899590325,38.8347748481,5.81329430775,3.56844688664,7.58414844806,0,9.24423036339,1.0796427303,0,86.7046004198,10.359504272,119.657904251,7.61941750473,2.20907123825,38.5674445969,26.1089865283,12.9193512826,2.03910754197,3.77780422483],
 [42.1786831559,82.6803007864,11.4762071077,26.6679486608,154.22324791,21.0578347945,3.06201530815,11.9049225901,3.03193084546,17.2538109432,10.016636938,26.8311525574,1.00419479965,0.737018832931,11.7945498047,321.427519712,11.1219666024,7.89729285722,0,1.02112463422,49.6777612715,8.04945155918,19.4145068499,5.7328266287,1.08453883904,6.14119376598,10.3615505338,8.33954154377,2.12585890626,1.16823610907,0,10.7770964451,28.1169015643,6.88806537268,4.26249725748,9.38645141747,0,12.813891714,0.740888778517,37.3324341731,82.7774563794,11.901098447,124.7650692,7.90081842154,3.05419702696,32.587529665,26.6304656946,14.3312557424,2.27247485859,3.71488002481],
 [38.4293063142,74.3574683409,9.48979925652,33.6409814099,152.759465916,22.106085791,3.24954489896,12.5227202551,3.07003135306,18.795713772,10.0318052551,23.517641017,0.947996288421,1.00039675452,10.070542484,298.219594551,9.93361957747,9.31553404857,0.987392515734,0.874661016886,49.7825639957,7.80834922162,0,6.74912698903,0.788869173924,4.8990916185,9.1642908269,8.43651047888,1.94037742665,1.04358325079,0,0,40.1309073897,6.68906656406,4.15668421273,7.50695709817,0,10.3670067056,0.869932773642,42.0813527877,99.1804863907,12.014775345,132.836463868,8.26437304887,2.95932697688,30.7362730918,30.0760008528,0,2.00587676052,3.94961653377],
 [38.9700725118,98.2545246314,10.691975556,29.9663004517,169.313502172,19.2832279578,3.4542442913,12.0793191832,2.65290901274,17.6606607482,8.97222360269,23.7525015932,0.993284216332,0.8381473301,10.5924142116,294.265782423,9.19783427634,8.28457708022,1.11653628687,0,57.3496231345,6.39796489741,0,5.62499002502,0.916312803949,4.85754783178,10.9164482304,7.07216879859,2.23309969328,0.986485826289,0,9.67741984983,0,6.12865665824,3.77358887246,6.36158325836,0,8.36126289635,1.03983464739,44.1018103286,85.0932490815,11.1063169399,120.653562398,8.66438710233,2.57975740527,32.9491284874,27.2455259958,12.2966070582,2.15374185667,3.91313003821],
 [44.3270595136,92.6437315777,0,35.3150466279,164.22085671,21.561668299,3.20827430064,10.4496825793,3.49330306732,0,8.61387024575,25.2377895078,0.990618883942,1.09639771097,9.12602626832,250.556706171,9.33782800247,8.63196186485,1.1441548664,0,47.9459059801,6.55547900209,20.2753311922,6.22760721554,0.960389104693,5.63792760472,9.57190231518,8.20620449833,2.04101716546,1.06923632434,0,10.7247649393,44.4681564633,6.11414908918,3.96298750766,7.63779649778,0,9.14357299987,1.00555065774,34.3167315801,77.1451782572,9.65813387459,121.356317299,8.482911798,3.22663036118,33.2344682485,25.6113457062,12.7344580303,2.27123582007,3.76108140253],
 [0,91.1432935592,0,28.3658729704,136.002398739,17.3255192028,3.48333108215,12.1945178925,2.7978720149,18.5390455895,8.30738964248,24.6247017599,0.789458148836,1.1081956104,10.5149142951,311.134443839,7.99544239826,8.07148741095,0.952791989835,1.04403989616,43.1208092405,7.55520624467,20.5997663518,5.63115296804,1.16840178195,4.83252677042,11.673457209,7.80264391906,2.31163633526,1.04655123183,0,10.3560135696,42.4264562624,6.24614985937,3.87600638923,8.32995314372,0,10.154333167,1.02915227423,39.290546194,87.7507812312,9.47069507512,121.466501472,8.63000894501,3.13514568014,31.4639028391,23.4403165468,11.673693262,1.77764569178,0],
 [0,97.0818325596,10.4701611872,35.2139704928,0,18.9769677836,2.76628024434,13.1503168505,2.48686725481,20.2076317006,9.22085703137,28.9813515995,1.00542938448,1.13766259589,8.75166046203,288.195092388,9.99784548679,0,0.895771011021,1.05290843137,54.4035059702,0,19.532035092,6.85811770334,1.00669298596,5.75795583521,10.4224388696,8.0543080038,2.11937814969,1.08592048205,0,10.0776760497,36.0056353371,5.62813098879,0,9.00688681031,0,9.81368454643,1.0384435762,0,75.9791007216,13.399747018,120.469836682,6.91715341055,2.85157860468,30.172330283,27.9783357521,13.5038547048,1.81660603633,0],
 [38.2978381116,99.2398710372,9.75217707422,26.7622753389,146.227234124,17.8271724243,2.59063834835,13.4034013985,2.76258932226,18.9559268772,9.86111851111,22.7320900925,1.01697390446,1.08829904269,12.1447285605,351.813382242,0,8.66893266082,1.07559835034,1.13438859769,57.9834224059,8.73549065784,20.5493824091,5.93034084549,1.00728969112,5.7882738262,9.64260326582,7.79249251616,1.72738152795,0.907055943293,0,0,43.046071813,6.81221859402,0,8.23685130239,0,0,1.06580964468,36.9056849432,83.1508178668,10.0042258806,129.255623885,7.13695401126,2.89727467247,29.3962153199,27.8383335533,11.2391493856,2.16709200758,4.52405962238],
 [38.5722863032,81.4736299547,10.6742786402,30.4630700502,162.951807481,22.5451740433,2.98905742439,14.0753129953,3.24333207588,18.1114483317,8.00508747302,24.3182658784,1.04003860248,0.968713115425,9.88201502245,280.006636522,6.70295652938,9.89855679459,1.05205741812,0.951005613762,52.6002584583,8.52822980409,22.9831668481,4.89617314578,0.874636175022,4.62952134536,12.8059898571,8.20364876979,2.0032596192,0.89876940813,0,10.1754108292,44.4698713756,6.13522121309,4.29010298376,0,0,9.60005142346,1.05749272305,35.2022998239,88.2753452635,10.4121375106,106.183821576,0,2.79750517086,28.6754420245,22.7793693642,12.7412546004,1.95085007616,3.78635724406],
 [40.0147490597,96.887788972,8.54076250174,30.8389996429,139.793359881,20.3872950173,3.11422262102,13.609822681,3.21909193978,18.6126006578,8.98243782312,24.7263272519,0.727487797198,1.18620439121,0,263.614015219,0,8.27842584206,0,1.0326814958,50.2182021459,8.19501384041,21.7127475926,0,1.06521465124,4.77852779199,11.4806649538,7.51079018415,2.00910470141,0.912507690369,0,11.3203701192,41.7137259619,0,0,7.69160104356,0,10.349846938,0.959687629506,34.4226875406,82.3272033079,11.7208189016,108.56356895,7.94468952263,3.09314508232,32.8445763214,30.5474872762,10.8848740062,2.06345944805,4.63206904995],
 [47.4223867701,90.1029069473,10.9594688317,26.9289131265,157.217632001,24.3382247974,2.60052673673,10.7163834942,2.60040971929,19.237946314,9.78988164694,21.7718674413,1.13471520683,0.956959178367,9.96373115548,310.725604054,8.26245123252,7.66128405895,0.964550029754,1.05046870885,42.7454425543,7.81235728392,20.8969014843,6.29751108167,0.962726288535,5.89450865258,12.5748780643,8.71075852224,1.95161588638,1.17571484654,0,9.35078900998,46.2170643953,6.15943546537,4.18308102959,0,0,11.0378687716,1.00064746882,0,92.8444755779,8.66434855923,123.77328269,7.25533530428,3.4952696436,34.3800647386,24.8766683862,14.7998565481,2.40607022482,3.75408714265],
 [38.8692119544,92.2825320015,9.32741239996,31.5087559519,134.908116932,21.2599164869,2.75889275372,10.3202889495,3.07935105773,19.5254542158,8.76260729096,22.9163986939,0.938888211789,1.10389336646,10.5772687384,268.851435911,10.5841907783,7.35517356443,1.13695321043,0.896871202569,46.6991743591,0,16.9723773277,5.13996902647,1.01317943152,4.85067159124,10.3239909536,9.28837095748,1.85692718291,1.18209123617,0,0,42.5429217009,5.98563599514,4.15709904646,8.12205175099,0,11.4126751041,1.01160698932,43.015697278,96.4081723305,11.2261360097,134.341478006,7.00087947289,3.46012954607,28.8271306668,27.3993734996,0,2.0046608211,4.32277715251],
 [41.5947968327,92.7340018624,9.6700682873,26.2649816347,0,16.9179760281,2.61857575439,10.4565030681,3.44574713667,20.4544702733,8.12867371195,28.2769991845,1.02893387154,1.03155781161,8.45406560652,244.226652654,9.76296771787,8.09924221964,1.058277497,0.921787738808,49.7571110864,9.04185152418,23.6736200887,6.25560042964,0.900183197167,3.98878134543,11.7163747809,8.49942885911,2.31810151952,1.02770867926,0,9.64142868582,39.8204472678,6.89102795547,4.00288496894,8.15040222267,0,10.3865642081,0.994608694178,38.4687144463,89.3462805567,10.5664342538,129.665548884,8.39220177489,2.76271361669,32.9658243385,25.3315498539,13.6270281789,0,3.47148206882],
 [42.1335080505,85.8031900272,11.0555229924,33.0647332785,167.49685735,18.336556866,3.64732944098,10.9805082849,2.75307685307,18.9066602556,8.62814065306,20.7548316296,0.961620696745,1.15863093821,10.7488574803,285.815712029,11.8399336804,8.04307335646,0.956925615631,0.998597788934,52.4551424415,6.21592199881,22.7371450673,5.82636871617,0.878094110287,4.97832082393,10.1699368637,8.54717313475,2.14440677688,0.994209500997,0,10.0146481662,42.0925236302,6.70011888239,4.1052344641,7.93654996139,0,9.87135884588,0.797737355785,34.1727741578,95.7699885329,10.0206609627,105.498978,8.12289643617,2.22069929289,31.3064420683,27.5957106003,12.5921192191,2.0395603554,4.20503979474],
 [41.6218518458,104.812698275,11.577582836,29.8645225675,168.84076784,21.2394735406,2.60304814366,10.6156675231,2.79578540119,16.3313979458,7.49887261358,27.3417360472,0.883349826452,1.11628113529,9.57118998324,274.644265233,10.9770409977,9.43408201154,0.953943731412,1.09160708279,40.3245418324,8.05572512591,21.9898893556,6.51640672692,0.965226114235,4.36775720854,10.9705158828,7.60517137197,1.75638280769,0.887079985145,0,10.3970419841,36.180103058,0,3.90958945786,7.85698434276,0,8.93881251308,0.902105529546,37.755483591,80.2299906364,9.41532557018,137.585512289,9.04584474064,2.54127258118,33.4869372631,30.8816096103,11.9618958075,1.73494500882,4.76715382953],
 [38.5615462086,92.6055936447,9.71480683917,32.5216539183,152.386300739,19.9439782447,3.18971337847,12.7536404225,2.58592815667,17.1671410364,9.13626851522,27.1884511541,0.94545103503,1.07819031222,10.4333098012,237.232824585,7.85869436357,7.20562459428,1.05893117238,1.07062189793,52.0849910618,6.21883275509,20.3732616227,6.02446413962,1.0946876181,5.89168777261,11.4105613107,8.39839758942,2.00180328705,1.04171489369,0,10.5312410782,39.4329964862,4.38426151988,0,9.25327683234,0,9.64033996743,1.00242945036,33.4661272071,91.819729552,11.7451781018,122.038004809,7.70769316181,3.19016030707,27.1680488832,29.6605624887,15.2620922053,2.07508115876,3.86309866409],
 [38.1247325998,86.6286079666,10.7079744293,33.6132776277,160.196868942,21.0622381671,2.84567988893,13.6921351044,2.83335333852,13.9315944232,10.4918413174,21.2443568729,0.993882810858,0.776109228782,8.98482450014,258.770384318,0,8.16121065131,1.06602543032,0.887344758956,43.6070780708,6.72601123696,20.5695946823,6.47191543765,1.04372418704,5.47303720829,8.49146487346,9.62384615268,2.18712639427,1.09477635467,0,9.77556594656,46.9783173522,6.12579268354,3.65027183406,8.1738823975,0,0,1.19617264717,44.5223937897,76.3927894645,11.1097331006,121.868679544,8.4250855765,0,33.5179009465,24.4847463434,14.5075257481,2.06554682157,3.61790727751],
 [34.8143066918,72.2585523417,8.21310836295,25.5347830325,167.432814186,0,2.98649525177,13.0874548806,3.03494845376,14.4407188363,8.58513799223,23.9997837834,0.899613499851,0.948992237571,11.4632987453,333.206273658,11.9390646077,7.60529133574,1.09721042473,1.11260331674,46.8766305652,8.25638698457,17.8916114505,5.4772216675,1.06376484889,3.63072613041,9.55700868906,9.60236704563,1.73137259311,0.893565643034,0,10.5463266961,34.3268104031,6.0267707545,4.25991270682,0,0,0,0.994251357226,43.5031802781,74.9947140818,11.3061390122,98.1782462318,10.0439461183,2.69920762565,37.3187707503,30.7970842801,12.6396998838,2.22980132811,3.97973113664],
 [47.787657575,96.7431801035,9.62071619743,37.3997914027,156.374474247,23.0171131009,3.16559083075,12.4968580536,3.21432876329,0,7.79173238072,27.779294061,1.17543738376,0.893031901042,8.10958956059,269.741617945,9.98409953403,7.55873305802,1.08965629324,0.743750165712,43.6067219518,8.52078632128,20.4227637179,5.84340863999,0,4.96391733229,10.1067697702,9.3173592459,1.74483293136,1.05861985144,0,10.753392003,41.60929708,0,4.00310346034,6.2835848747,0,10.1645413222,0,43.075132418,80.8573137504,9.89452320355,94.3658935993,7.96078682776,3.09145016309,37.7068801839,31.4049656894,13.3327909624,1.7002346577,3.73807995052],
 [39.5885129928,61.7084017067,8.5420344808,25.9070636449,150.084289546,19.6625104724,2.84293589483,11.2195890008,3.03265311129,0,8.95454305663,25.4699919805,1.00431897726,0.781071294032,10.4685938698,291.904651239,9.69452527951,9.42649846299,1.02421190345,0.992945317743,47.0849743441,7.09171862977,21.7051176679,0,0,5.07880253295,10.0324860099,8.31685047833,2.18848062047,1.02276039574,0,11.3244921414,39.0281992465,0,4.45761455175,0,0,10.2068371927,0.844345282712,33.9397913478,79.3382947294,11.2018061631,129.194273952,6.61740760854,3.03104456266,33.2489240494,23.5910205931,12.3331109558,1.8267009832,3.68085223565],
 [41.2140295788,84.2219808602,10.8336857226,29.1587378751,152.496912468,18.4495499912,3.06223151432,9.59728854813,2.27701421494,19.8773197607,9.33074625043,26.7943170719,0.745080130493,1.05433469869,11.4339396776,306.687555071,9.08814225607,8.06425913194,0.999250080059,0.867342854153,56.5336611411,8.14711598558,25.5075544859,6.40075935981,0.994550197234,5.11160047441,9.38720755203,8.4925879762,1.83353827568,1.05684617413,0,9.11575903798,29.5979606501,5.18434247395,3.34141756379,7.40192785597,0,11.4053989743,1.06607894874,44.6878330471,83.0504491704,10.9905638649,109.102272828,8.21414558266,3.18236140292,28.8148238419,30.6582133417,0,1.85486118346,3.86000277535],
 [36.5544390178,80.6607185493,8.94569871937,26.6016996695,132.708100217,19.52263047,2.8415694293,11.2089184521,2.86384803483,19.4388083422,8.60177173758,24.4133710216,1.12827027177,0.971482700691,9.27056517206,0,11.6006835791,7.85447514966,0.879007006355,1.16566461468,50.0935528847,0,18.9213002129,5.60733292781,1.21029045366,4.32680867092,12.2805538292,7.45783848549,2.06411868551,1.00367983477,0,10.0182423264,43.9188927568,5.98960477539,3.88722598326,9.12129806856,0,0,0.99398995369,0,98.2166612992,8.63666024132,120.697724675,9.29847050022,2.86030648423,32.1140949752,25.6487191072,11.4402347506,2.17641981748,3.16683324459]]
