[560,1125,300,620,2100,431,68,328,47,122,322,196,41,25,425,4260,416,115,82,22,631,132,420,86,42,103,215,81,91,26,49,420,316,72,71,49,108,116,90,738,1811,430,3060,215,58,296,620,418,47,81]
[800]
[[36.1649414712,106.233784977,9.69791139566,24.5255262188,156.500179439,18.1484175827,2.852884547,12.1686326276,3.21455332318,17.3060437697,8.70396111715,24.4798389888,1.09510741739,1.08328477598,10.1526963808,285.131148283,9.3210455157,8.35900430981,0.77251058946,1.17170085204,47.4686192263,7.88009173123,22.0193070921,6.46381722485,0.944960513344,4.83103056963,9.66421878342,6.9360403251,2.07046795278,1.02938566608,0,9.42743063978,37.8347317159,4.83902769633,3.98665044401,8.60275200568,0,0,1.01549198047,45.6390000373,105.14271427,10.4480388861,118.86147302,7.81236055567,3.00388990867,30.9081775932,26.817924952,0,1.93088254849,4.02794735717],
 [44.5170399859,81.828806206,9.30986704605,26.628901748,131.932972711,19.4038511056,3.27320002759,12.3847307677,3.25898331471,0,11.1005012887,22.6280826797,1.04719186474,0.664109100198,10.7929647114,312.859865219,11.0115068208,9.74093239031,1.02956047557,0,54.7679287426,8.49745547687,20.051466642,5.41075051722,1.05622888811,5.08398458528,9.57943532521,8.14566547366,2.21393164587,1.04283271901,0,9.44478567585,36.4898387679,6.63233405699,4.24246517821,7.88035003204,0,9.371099365,0.963966318954,42.6344916101,90.5057692746,12.2236973633,113.053170634,7.00302678333,2.79849542983,29.6202014115,29.2798498849,14.3864495457,1.95527353055,3.93425019672],
 [41.1308660011,93.3253669617,10.8654530008,29.4895584885,173.951702334,19.0424669806,3.09480052149,10.9639436952,3.0110358678,20.3647363202,9.99254648323,26.4908169819,0.960344275616,0.99023285344,0,284.622943818,10.5432394617,8.23390008655,0.913658758396,1.00390751681,49.86372213,8.47495166154,21.6600870801,6.33098950603,0.997066893896,5.09000430466,9.3992328153,7.85413176101,2.57564705868,0.848724667617,0,11.6404911776,35.395275055,6.22498470147,0,10.324756525,0,9.81854062907,0,39.4567483141,82.4444208311,11.6448242961,122.534905683,8.33710408481,2.88449365518,36.5539084458,29.133748801,12.6230794502,2.04577113916,4.02861979069],
 [41.2844871179,110.588123249,9.75918111364,30.0815610214,177.711160508,20.5643189257,2.7574055697,12.3357011773,2.64244509342,0,9.36636109145,25.2844643464,1.22048739233,0.945459643647,10.5406585488,265.766092942,9.07621616421,6.41972232854,0.974551845367,0.971046665647,47.7823792564,0,26.1117063093,5.79260520442,1.00438636944,4.99203417801,10.2885589008,7.51583455057,2.05819367911,0.967631834123,0,9.69170440961,43.3069971346,5.17872907473,4.08995634998,7.76246253959,0,10.5524133603,1.3845972293,37.4472334878,90.3858905961,12.8570091604,107.451794982,7.48124999331,0,33.4529884988,29.1361332434,12.1869060756,1.83403530535,3.88091823645],
 [41.5471291515,85.3086689101,9.58585565987,29.4441992988,181.626855512,21.1634324521,2.6596295771,12.6727515189,2.73118785924,14.3950772664,9.20835805881,20.9909236006,0.938059476013,1.13459033416,10.1013189997,294.741386278,9.15325550863,7.8116838263,1.00997053443,0.863336786242,48.0294171301,7.50251922226,21.1054678901,5.54802036266,0.981536686562,4.71451641353,9.25828462963,7.77388482357,1.95701689408,0.96639183621,0,10.1453282095,40.0737179791,6.00591511008,3.24585611694,7.96495192432,0,9.92215850456,0.998223562385,44.9256849695,90.5604997067,11.678772129,110.989528954,9.64538298574,3.10672023068,29.390842487,30.1808728147,0,2.10520800884,3.77868214633],
 [31.8881521182,89.8075283114,7.65330405127,27.8535820015,153.924787707,16.7520088181,2.84144068041,9.52644818899,2.89365684127,14.7994744268,9.39418979805,24.1629460112,1.11604225414,0.874497531908,10.0595456673,268.66191666,10.7925934525,7.96437928642,1.09136826,0.87820238332,47.2397124978,8.31935287263,20.7584277712,6.69942881237,0.96111998325,6.16973794357,10.9336064915,7.94749136427,1.81091322271,0.988481349342,0,11.1764204839,42.8339556617,7.26127698344,4.66081626917,8.58788169454,0,11.1933240964,0.790504501099,42.8985823061,87.7796707216,12.7048846295,115.665046939,7.5796015875,3.48809094694,29.4207725323,32.6612534487,13.9177803787,2.12553748209,4.43670857066],
 [40.9785550325,76.4923320097,9.79882027102,30.3812753478,147.458311228,21.5464007723,2.87124258091,13.6958828375,3.50040608493,20.8956809006,9.42457337793,23.9099374337,0.778137442535,1.07931357872,8.98878154971,254.317857666,8.13229128093,7.93312386358,1.07658321433,1.1334518323,62.7980217222,7.65873116129,21.0356726166,5.4671493955,1.01180858356,4.8049267521,0,8.14486586456,1.33757298854,1.10356835281,0,0,37.6522525412,5.84986952169,3.93315669632,9.19045602208,0,0,0.933150046522,39.7522410342,79.391909451,11.7972083158,129.476859423,7.61165480333,2.40539224366,30.3685604323,26.0176723036,14.3694748165,1.80281084883,3.92316922251],
 [46.3393654738,87.4060192682,8.84573482709,32.6746480523,161.475787787,18.3558420937,2.70258611738,10.8448100791,3.65392267126,16.6220806112,10.283181407,25.9008445353,1.03176199194,0.946609662361,8.37942324914,272.554307998,9.30044150663,7.04130612877,0.986642171468,0.831256674852,43.51869289,7.2593006756,22.1292967435,6.30903839109,1.07458774861,5.64868948213,10.4108043836,7.57364162888,1.78637547928,0.836663502849,0,11.1422879765,35.3149065509,5.63435649277,3.55060113802,9.24721027923,0,9.46197203791,0,45.0806100595,73.4938665685,12.1255703635,136.842852426,0,0,29.9393413142,22.8433516736,12.4226046319,2.28486042291,3.8335102917],
 [44.5121178971,86.3347490099,10.0427422023,30.0714927117,150.987168326,20.0756508358,2.82598863911,12.0584048544,3.22914681902,0,9.4975396718,24.091145817,1.03099531814,0.871027452733,10.3822539153,274.356254695,10.2100368611,7.55188787554,0.896892400554,1.04277684971,48.9373237029,7.89117822428,22.6563914371,5.28244849033,1.0151330634,4.97090005344,8.99661190238,5.8821504435,2.10175152076,0.887137003126,0,10.3363789352,48.6004578412,5.96799075889,4.79003309979,8.61164278433,0,10.0156577501,0.958616971307,41.0650801616,80.5893057308,11.6985111895,121.83519217,7.8390006209,3.2567570501,30.5069348902,24.5160974056,14.5126777682,2.22788135238,4.61591166579],
 [0,96.7073832162,9.96033772679,28.8716550407,189.597850066,20.2260820692,2.38676887352,9.76602285298,2.67249549541,20.8365310783,8.92464383951,23.0731529291,1.08742712597,1.2252627105,11.8783342128,224.699296175,10.0842488319,7.45676261623,1.14678979907,0.874268088369,47.536963449,7.85153265333,0,0,1.08622880248,6.37968961237,8.75256712221,8.60785242399,1.6437554973,1.08763410751,0,10.318408169,38.6798861514,5.78690274105,4.24959094699,9.40350864133,0,11.2697486039,1.07058432555,45.9035018754,71.4546768997,12.1400855863,132.439232068,8.70283961664,2.68448339248,34.9005256169,29.3734965267,14.2952640031,0,4.1216783897],
 [42.9721411967,78.7106595178,10.1876831895,31.5210276566,170.598386248,19.077239303,3.00162780711,11.7045639257,3.33737511653,18.9430474417,9.78148920093,27.9091818375,1.05028182754,0.954668390119,9.79827042798,289.286534092,12.5098425043,8.03136807291,1.00416482745,1.04423072825,45.4761717629,8.08919973564,22.236484604,6.7471000435,1.12907673166,5.46614373939,8.30044915141,8.92537997363,2.01786068539,1.03416850996,0,8.21334295753,46.9923841657,4.97405461761,0,8.09436872785,0,10.7912915385,1.00946886385,39.7940518173,82.9888636181,11.3373118999,123.512591107,8.08138376263,2.83226978006,32.0910420626,31.7720494706,11.6446965095,2.39900007712,3.7566344408],
 [44.0150700561,102.793954873,10.7277605487,28.6197354401,162.363683541,18.9846962488,2.6463611697,11.7392096125,3.10103739246,0,9.53348224575,22.3809218416,1.00639474364,1.09698768778,9.90794754062,300.767237356,8.62999877555,8.32014056049,0.802470755907,1.05575262002,45.5073305556,7.76525076679,21.5367590873,5.75752921207,0.988214417348,0,8.00566022571,7.41711272033,2.00699337405,1.12123226533,0,9.43769738782,44.7701547898,5.70871243543,4.24734973308,7.67793771159,0,9.70717014754,1.12251389651,47.3419958503,82.2294851231,12.389871788,114.696547935,6.61611601889,2.99745446782,38.1151853342,29.4643807693,0,0,3.50806799423],
 [42.6451616839,94.843826554,9.64497664152,26.7137489011,165.557331464,19.4649452194,2.79725620887,11.1569969547,2.72637436546,19.9259570994,9.15892190151,26.1350413633,1.17532938714,1.03800198696,10.9197424904,269.366463373,10.2986892951,8.10872353623,0.976125205978,0.937637349767,53.1481636134,7.95129360241,22.2834134659,6.27559603904,0.97760215442,5.46537800048,8.37112328025,0,2.24708429565,0.986822582902,0,9.39072302971,42.5746023293,5.21957228101,4.135400039,7.49224501985,0,11.2581297266,1.07894431249,43.2198839124,94.0777935592,12.1014436961,127.083655202,7.67426000744,3.31123086351,33.4073947175,29.0557948879,14.5085469396,2.20534691195,3.87085305101],
 [0,82.2334713408,8.89067831247,31.5452478411,168.568420618,21.1321646245,2.61726336829,10.6926943416,3.24457918988,16.3977711483,8.42972874586,25.3049091503,1.05098303229,1.07914329175,10.669845798,0,10.1319158536,9.08121372668,1.07515671647,0.970813453984,52.0411274411,7.35211370251,16.7261789254,5.64434191415,1.00581516781,4.82047746342,9.54156096894,6.42585133072,1.8508333078,0.943100859552,0,12.7692802137,43.1281613953,5.99160960718,4.46738834986,0,0,9.55602193736,0.940831205173,39.9271783816,75.3891943604,10.2577378684,109.576301319,8.62605529368,2.47061957711,35.3829626485,26.11021917,12.8354237827,2.12181373233,3.8443110836],
 [35.3109379779,89.1422938962,10.1697575094,33.1453052533,160.494758245,20.04230416,2.96893775115,10.584872632,2.88704987316,16.3188255341,8.0014440632,25.0097697774,1.040321716,1.0856312521,10.1734832909,288.832731742,9.73714578636,8.04778464438,1.09180471774,0.975016114351,47.0823010102,7.75393157746,21.7741207287,6.28486313745,1.10028642348,5.40001090975,9.46033672559,7.17620546371,2.23495148333,1.14873011988,0,0,41.0327560752,5.80100623283,4.21376268266,7.60807471395,0,8.52808009847,1.15099255497,38.7598159841,98.2468733379,9.83239884657,120.509041562,7.73187903242,3.20639029893,37.4832699917,31.4737136317,14.2436535757,2.19687463708,3.1846470286],
 [40.6726920996,82.1709610256,10.3445875423,32.5840025069,149.99392097,17.833367946,3.25402804135,13.4045388216,2.67245798966,18.5505198796,8.04576572307,21.8239774764,1.17406430618,1.24959624431,9.333344098,293.776344509,10.1648015006,7.1390520437,0.963920174194,0.987363470116,56.4820193501,8.19400518898,0,5.99409833107,0.922860276473,4.07305702688,10.6877510928,7.46314924036,2.017240294,0.907292442703,0,10.634843544,43.0227940618,5.86375194519,4.45712123416,7.5487856652,0,10.9146093003,0.904224321267,40.2304756441,94.256158119,10.6838261108,126.139890585,7.94523635799,3.36466420663,30.4689253034,26.9641583281,0,1.84459670685,3.80228996182],
 [41.4148990493,102.369231084,9.22406972982,28.0026790606,167.655791166,17.1743677493,2.74153289586,12.385691554,3.43661506409,18.1520363132,9.71968690893,23.0891574834,0.95501089079,1.24581478609,11.7568043279,235.707192962,10.312305797,7.77603158119,0.887181316249,0,47.4884613466,6.90234098793,23.1922988576,5.13967036003,0.770140020063,4.61854649545,10.1581354588,6.8330423776,2.16841324662,1.04811317188,0,9.96785958529,31.9226174912,5.83425767661,4.24985386595,7.55168250196,0,9.37746504212,0.993016627676,36.3650280054,88.8195827791,11.4918616585,133.453629189,0,2.68862740601,33.7686820507,22.0146036476,14.433157219,2.07810752608,4.44083285262],
 [37.5636264114,94.7530997562,0,29.0888544137,159.107469247,0,2.75575427387,11.0176057524,2.95651991551,0,8.17824720303,18.0274284776,0.972790812741,1.23823119078,10.388287512,287.832684297,9.42689296024,8.18437107483,1.02856724651,0.930501369639,48.69459878,8.51826451623,24.1306915586,6.844098982,1.02172219291,4.42405997727,9.8076181154,8.45687841891,2.08368263506,0.983052031156,0,9.37109684212,46.5202610288,5.48492390653,0,8.57120115403,0,0,1.00629964514,35.9436246209,88.7260347077,10.3298223333,118.318302684,8.99241220995,3.09820427723,31.1355334142,23.8815537873,12.8950839659,0,3.79235961256],
 [40.9679900255,89.3215056108,9.10653817059,25.5658289354,186.450644227,16.8442196769,3.5406998575,13.050243857,3.35664673313,0,8.56654025441,23.3204526413,1.0142495753,0.870937056238,11.2232279098,266.397766888,10.1788882069,9.99689143584,1.00478875669,1.1702868179,53.107653994,7.55336056674,19.9534999988,6.42118300915,1.05365542605,5.98995853522,11.0786580044,7.73618675008,1.97390514085,0.974673972104,0,0,41.266664329,6.51000524469,3.9105784017,0,0,10.6593689439,0.82326143127,35.8025676424,91.2954662089,10.4240304361,131.137734872,8.54079855128,2.65706619906,32.8952374373,23.0954212266,12.5918034702,2.02420189272,4.06659684457],
 [46.4562251777,92.8509651489,9.64803850141,27.5452999722,165.535504205,22.2862853942,2.92509181357,13.8977512811,2.9807050654,19.4605380283,9.51334659604,23.5124147806,0.873704741807,1.22706446633,9.53173175951,298.876169922,9.41256192883,0,1.00426110021,0.900443962892,48.89603332,7.97827446043,23.5153371162,5.84343715018,0.944628262254,5.06051606775,10.075938672,8.1697595823,2.25771687796,1.00610733145,0,0,36.2179393447,6.03004280083,3.79553007078,5.70158251867,0,6.70527341616,0.962679154285,37.5177962495,90.237271499,10.6831935767,127.579753861,6.63158634632,2.53608720144,34.0540938023,29.2922434128,0,1.81684540881,4.34215189222],
 [45.1299087241,101.316462406,10.0726563268,28.3998310355,166.563737182,18.8167504428,3.23856315226,11.4366650528,3.24368276404,19.2929909256,9.68762274905,27.4217419206,1.13875388427,0.912913738092,9.55883479628,312.31193736,9.28307354079,8.15223881684,1.18693562933,1.16775591564,59.8738630354,7.72288922191,19.965499764,6.56376476006,0.875496963785,5.0501767115,9.53397622266,8.33101025411,2.09346189728,1.03196142032,0,9.09434936851,38.3957027941,6.31327463556,4.07047264127,7.92695244729,0,9.48436051233,1.1142359677,36.5400003668,67.0113983361,10.3956164165,141.584273233,9.33428985437,3.28516204158,35.1704416927,28.1976705473,0,2.39871642533,4.52999977665],
 [0,99.8130800234,9.15817460483,33.4139983871,153.853709167,20.8457464958,3.14800132991,11.9953740863,3.56109741489,0,10.1244452854,23.0514222371,1.06925349311,1.11330625769,10.3748210636,340.733554372,8.60024358335,8.96130820051,1.23226209705,1.04843244769,54.9999247379,7.67588367887,20.6981070847,5.93007116885,1.03204268473,4.97807792225,9.58588093503,7.58727841524,2.1696358391,0.806002611195,0,10.42389453,42.8840021613,5.73096455692,4.76691109931,7.55848635334,0,0,1.2533112299,42.3536382165,95.880649742,11.1833525443,132.658871933,7.4468610356,2.64169516064,22.7163637894,28.2057191041,14.0414641047,0,0],
 [43.2871653884,90.4368831888,9.44560036605,36.8171083118,148.664712516,19.1296385185,0,11.882993868,2.83999321996,18.8348495717,8.42423065143,24.4454465788,1.11913868168,0.987393055896,9.44733150591,251.965304084,0,7.96439365535,1.00953557666,0.955342761601,50.7953094202,7.98848508901,20.3034997398,6.68335906063,1.11366169474,5.03760259436,10.5259494832,7.41362202402,1.6901401102,0.826608697262,0,9.81943071231,42.1186098336,6.84492999847,4.46405269374,0,0,9.6895749629,1.09875761392,37.4229250017,90.1003858532,11.4742459144,126.540433973,7.68420450244,3.30899902696,28.7906048677,31.7958426432,0,2.20779257211,3.13062559405],
 [40.6673111631,84.3105116715,11.1678566114,27.8150999043,158.803666851,20.3180210034,3.11994453462,11.930098555,2.82987573696,17.1290329452,10.4044366726,25.3957022061,0.853774592439,0,11.0376268507,275.797178798,8.94983477667,7.4985865667,1.0654041627,0.942137348048,54.5584405305,7.74321376814,19.6810542395,5.99004345388,0.903133887938,5.37941016058,10.8349380135,10.1501020039,1.61274062639,0.922132709482,0,8.16123289776,39.1309443612,6.7193447731,3.3982602841,8.41962254155,0,10.8589510199,1.07063193066,41.0777485845,95.0361288702,10.378081028,0,8.48284966481,2.83844746999,39.3184457718,24.6747978946,12.128650005,2.58462322241,3.51287900073],
 [35.2542481262,104.20035163,8.59293809553,28.5190291729,153.778547981,23.219536628,3.51619384021,13.014531028,2.90810176507,0,9.80888925979,26.4750675376,1.00652563141,1.06951662693,8.33274317604,0,9.36125520152,7.01446707928,1.02965707918,0.840912856777,55.3910826717,7.71750313881,25.880082021,5.98326479997,0.9593345662,4.941006429,10.0033612692,8.79828009167,1.90469964869,0.983288013031,0,0,40.7999370198,5.75445339403,0,8.45497826774,0,7.6650741265,1.06685480374,40.9636992024,89.3425987758,11.9923163866,123.862316678,8.21552130354,2.86345888639,30.9491499332,27.1021751145,11.5044690849,2.19220413103,3.5063198255],
 [46.8433413274,78.9256716167,10.6752705122,33.2083581476,167.372744157,21.140876727,2.27973886518,11.4477523136,3.1639446025,20.1176919264,7.11766680116,28.2491348357,0.776066105383,0.947175929861,11.0802705343,216.283143293,9.89577049769,7.80260788683,1.00106323991,0.899395882804,50.7886147267,7.4283201347,22.2366898207,6.21745892338,0.939336002473,6.14521437486,9.51084320854,9.05745502814,2.036068616,1.03036513162,0,8.28921782247,41.0090988955,6.28321461174,3.61341857987,7.37669803717,0,9.79143425371,0.960875051708,28.5428869772,87.9222265337,11.1969538773,102.046698962,8.85490717496,3.1149200438,30.1072285523,22.9164405336,14.5249474604,2.06362123113,4.72580232315],
 [37.0678429695,107.698004715,11.732857182,29.481029469,154.676312816,15.2701030127,3.29100076549,12.2312596927,2.81484986226,0,9.45679113974,25.2524837272,0.90410474433,0.844516608531,9.50930906764,295.227791315,10.2885301475,8.01246030207,1.09660257566,0.999098431985,54.387958427,7.74028936103,19.2432859682,5.57676033299,1.04137947343,5.10290192123,10.2547844529,8.92150275296,2.2834374502,1.04085229468,0,0,46.3936628705,5.23703970985,4.06875058284,9.30434248584,0,10.3368811829,1.13762047516,34.2824464072,83.0925808372,11.6488808228,146.386112352,9.0141938206,3.14872325792,29.5439984579,29.5556420347,13.2875979072,2.18431035593,4.68558079287],
 [34.8356059082,85.9355747368,11.7664985035,32.3225658422,154.984319509,20.197421227,2.97723946461,9.89414110124,3.3002553338,19.2643582514,8.20600262846,28.0165156782,0.894991361827,0.846438510921,11.8365806059,280.916808737,8.65706318047,0,0.942692945672,1.2602421943,45.21648392,7.80122016093,20.9637087876,6.15522113976,1.01226005935,0,10.1318203855,7.05214408249,2.14467444109,1.10445049187,0,11.3769756175,42.6179451865,6.76149865551,4.16238597022,0,0,7.75823000022,0.945106513161,36.7902567926,80.1173748574,10.3601228105,132.423945012,8.47492713755,3.28664254515,34.4548498108,22.9979392527,13.1575358056,2.05584812863,3.8560931909],
 [38.3392382304,88.510508645,11.1831630534,27.6918507553,164.811669044,20.1603645863,3.3095033951,11.2752278925,2.9239126838,0,9.55767939899,25.5711367884,1.00209696025,1.08092754517,9.45280708009,337.127064419,10.2794521928,8.7177492182,0.882785463102,1.06335349509,45.5348611355,7.37200203933,22.2600746509,5.40114228604,0.904458007411,5.31860119942,10.3671991839,9.01335592945,2.14794316629,1.06200976838,0,9.08139946827,0,5.73213259041,3.45410018603,8.32351531688,0,10.3263457892,0.921720554249,46.6755029065,93.8741856938,12.3043578174,119.738588127,7.98919695961,2.57233057028,31.4028925751,30.2292691876,13.7650304143,1.88879971115,3.72605056192],
 [36.7053375411,90.0095286925,10.5236222801,31.9434036017,132.638546495,19.9136196194,3.35951090134,12.2503736857,2.87563665999,0,9.6517625232,27.3468459073,0.988521650453,1.03380030347,11.0533454424,290.736271127,10.029329915,0,0,0.853520168776,50.374286105,8.62391505719,19.493742522,6.67093392019,0.833713992241,5.36914793426,10.2094047682,0,1.43270611127,1.10582875497,0,10.0113867406,37.7410114117,6.36723238202,3.69837119246,8.8030568303,0,11.6038314954,0.993041403205,36.3635615905,93.0096276434,11.5177029336,123.308184114,7.32205847339,2.86519112166,29.2336753294,22.6640461881,12.0529614232,2.21272461067,3.87588954963],
 [42.8181960739,86.8208844106,10.0967105586,34.3781975672,0,20.5910671306,2.93408220182,12.5186077934,2.70142672365,18.1285478836,7.6057018776,26.1297695398,1.0794071122,0.978276358821,10.6739345394,226.106912853,0,8.06835488571,1.04098331538,1.12927355526,49.0196234954,7.78089735141,17.8993695022,6.23511893237,1.06081691189,5.10146971408,8.2875396675,9.06318718678,1.56287428991,0.957241751194,0,9.77014002055,39.7185383852,5.62266608263,3.81789268753,7.16793323187,0,10.3280532311,1.10853846517,37.1020074123,77.133471093,10.0391244936,139.166651499,7.44491919428,2.52896201339,36.091699379,20.065481612,11.9138612898,2.09794163588,4.39951212953],
 [41.1631806147,106.091779844,9.17893772781,36.2604823234,173.703889844,16.3813333406,2.94372910025,11.9927500232,3.13293105622,16.8392256214,9.89342379966,25.7393386981,1.17895049244,0.969084727575,10.7106008674,273.923362207,0,8.54924196894,0.890781585211,0.732473019524,52.7960194578,8.46634437353,22.5791278253,7.53062261273,0.999639029514,5.64414827259,10.7521217786,8.334626513,1.9558022609,0.999639243394,0,8.33780639601,39.3019272671,5.72299407366,4.38367701432,7.39550281058,0,8.3703676855,0.964696921318,36.5948271931,78.7270062757,8.68248580277,115.916443844,7.82229902259,2.73195188896,31.4835985572,27.8013202685,0,2.13660846607,4.48156560487],
 [38.4809287668,95.7306546858,10.5115012537,28.3806836512,150.917440671,18.7146544201,2.35474976091,10.1528991794,3.0406170835,0,9.84745425542,23.6227470392,0.99157838315,1.06559657209,0,313.306011399,10.1282959137,8.37143740835,1.06536643939,0.969399377348,45.4915309741,8.91061484463,21.6483088821,6.39048413368,1.21656604296,4.56777424805,10.5245590604,6.70132781031,1.60533174983,0.97162555246,0,9.72050637812,45.4840855853,5.32569984578,4.46535816579,9.03055106389,0,11.8240566274,0.957433719784,34.4601615598,85.1287730586,9.81818329938,108.716302934,8.29787311271,3.09552336261,30.8178883526,22.8787405757,12.4337443503,1.93661241663,4.17478538705],
 [36.0382404453,92.3541653214,9.00629500931,28.2383266346,169.431224962,21.8635818589,3.26097940135,11.3999227008,2.2498138387,20.1278174219,7.73004508706,25.8535337097,1.1634008859,1.01669037235,9.9925262017,282.840886485,10.7023787378,9.21322464561,0.888404303688,1.06443303887,51.6834281478,8.9633557472,20.0555186662,6.41408313407,1.00441044241,4.67870692667,9.23995277233,8.49098197292,2.09328820299,0.849843901185,0,8.71049680742,41.2549295249,5.82183310391,3.9733703994,7.41655570856,0,10.6143282448,0.776607499691,0,82.4454197878,11.2919310797,129.200802453,9.02653962222,3.5605887291,33.3367237291,20.3628789198,0,1.91920149639,3.84900222688],
 [43.5879499423,91.8558962548,9.40576424297,27.2865668101,123.315330484,17.3526460813,2.34901426167,11.2870687721,2.59059684864,0,8.37752380854,26.3882623148,0.971043670229,0.807752647241,9.62617512662,270.108984234,9.95159667367,7.91599929263,1.042429883,1.1153105599,39.5023812221,7.23496711671,21.7544354735,6.60820707711,0.956298203241,4.956898746,9.06383845516,7.43768916545,1.81362876813,0.949865653588,0,8.18384931911,48.741992166,6.09648669719,3.83691532111,6.68561312681,0,9.59183712029,1.09281962395,42.8565354412,73.6494702658,10.222806578,136.228026543,6.5870233012,2.82666685157,33.9747454052,31.0090588665,12.9054186837,2.13945898378,4.57191110078],
 [42.9168571391,93.1100493242,9.50185963901,29.9152765694,144.906530096,18.142151475,2.90423288629,11.0984528555,3.20285759118,20.1464878987,8.57659141195,22.7453574899,0.920441853722,1.07725108819,9.22709759268,319.712763288,12.9146097313,8.84811519566,0.94564458644,0.957849977456,46.1182862525,9.51810215931,17.4642023471,5.73539302429,0.991778263542,4.40397098211,9.18829595934,7.73532072054,2.34290430203,1.19047062288,0,9.97226027013,42.1912870154,7.37492491233,0,0,0,11.0192713597,0.942050437436,40.2819199346,79.1286624777,9.88796160383,141.214732501,7.03005214568,3.06161842175,24.0315375234,29.39284053,13.4735296583,2.23551763686,3.65238575044],
 [43.659390938,81.9530556257,10.8524561627,29.2084084308,177.057916899,14.4852379022,2.89019911681,10.4760457908,3.11624845354,0,0,25.4762114304,0.940446444516,1.07614957547,10.7013367357,0,11.9212171948,10.0672229627,0.762265122632,1.02427823338,49.1596988681,7.85189885491,22.8562909751,6.79721155452,0.923633394155,4.92876702223,8.55547832204,8.52136658681,1.79386729372,1.21408784075,0,8.4726633577,48.3129529656,6.41392360272,4.20051646372,8.81557802258,0,7.45752279841,0.88846720777,44.5774854174,92.9501348851,10.5177221157,101.56920707,6.2218011535,2.90691408913,34.833412863,29.7850551811,16.1810037117,2.17104157038,4.47094984291],
 [38.4295797398,101.173447634,10.3609583741,30.5678292346,190.56057112,18.0236515561,3.40518802461,12.0988449135,2.65271777381,16.0359311034,7.83060533652,24.6814289479,0.949246384985,1.03003085758,11.3238607103,301.542895389,10.0476775262,8.78727612653,0.944113936693,1.03365463267,48.2870311071,9.24471661165,24.390792203,6.5817025392,1.16252042283,3.94389650992,10.1004773152,7.09911888448,2.0999898044,0.96230559433,0,0,41.349186654,0,3.76204926147,0,0,10.4045965669,0.891221219837,41.5714582196,91.6947565911,11.1802251433,123.514126063,7.26856646402,3.05521144618,31.8230327883,0,11.5335210557,0,3.98329691224],
 [33.5322239578,104.521478812,8.71423624385,28.7174654354,151.520075689,17.3975008951,3.15921178716,10.1196298809,3.22961467688,20.4072303338,8.47786086455,26.0995685291,0.911415724649,1.08469493459,11.0367403458,262.33027065,10.6583173085,8.57651025125,1.04496093131,0.941519592661,45.7833928504,7.67909390633,18.7103320533,5.97759187919,1.02564248382,5.25306686737,10.9603119943,8.75436796001,1.85713565179,0.987852860362,0,8.05276700273,42.8042464418,5.19241074833,4.53570903757,7.90084048616,0,11.4344036655,1.06589013792,36.5065911641,94.1691331024,11.1116317302,130.23537418,7.41104149051,2.67151237822,25.0079198701,28.277919306,15.2911817839,1.83963413002,4.69279814792],
 [42.7904562466,89.5255427689,9.81922585588,28.8328914005,152.873300264,21.2815475449,3.30269901355,9.16320813921,3.0970240755,13.7545264149,9.25579147903,26.0663514196,0.896361430284,0.962753235986,10.3574870863,231.347655885,9.6661690351,9.00256429805,1.0355794626,1.02572160943,47.4259800798,7.77486640148,24.6536031086,5.73634050133,1.02180584975,4.87383519453,8.41347521492,5.90668774723,1.88675769576,0.94055292501,0,8.67050955397,41.4463754076,6.44840565939,3.96734989048,9.11729392307,0,0,0.912041293201,40.3165895305,103.379802939,11.8725505778,113.811437444,7.99953851696,3.41248928827,30.5182982747,30.6418900971,13.3199162569,1.62576885927,4.20612060815],
 [44.2465890281,91.3903965705,10.0584349986,25.3290131726,150.63679654,18.8027983308,2.86111134663,11.3882877292,2.84665280336,15.6625693383,10.2122426224,23.4079205867,0.990612475275,0.827680505039,9.26537504833,280.13568367,10.1913625894,8.37806504798,0.802291098704,0.882307267166,52.8330971303,8.71736331752,21.5973868093,5.47449575248,0.879774282478,5.8714478612,9.12701385635,7.49275838492,1.69521442401,1.02534275714,0,10.3169725672,43.9999145892,0,4.10813493973,8.46828454315,0,10.3478110268,1.06594703594,38.3514298917,90.8489154625,13.0959409707,118.824098239,7.51732739424,2.57290345347,33.7711769354,31.647072479,10.9307725133,1.77715258846,3.94599574644],
 [38.5584153929,85.7502753376,9.12068797043,32.744594701,166.276117843,24.3713800582,3.35392484079,12.9095769741,2.71907268092,18.8226567184,8.79448764991,23.1095031067,1.09318870439,1.06886583612,9.67269977679,269.074905331,0,7.90235140768,1.03290647763,0.966171156845,49.3845146006,6.26818935764,0,6.23764969236,1.10439206823,5.3856135835,9.82604626319,0,1.9574964526,0.914482143601,0,9.53677872652,37.5684108046,0,0,8.28616247162,0,10.4064191681,0.988162166301,0,83.7806302292,12.8129412497,135.839840766,8.1372548139,3.65810630184,28.7691566787,26.91399538,12.7204265683,2.01411383778,4.11004881003],
 [38.0297887286,97.7626164659,10.9009636189,26.0799803953,162.971950421,20.4100773218,3.21635560408,12.2695106829,2.79896452191,14.6362094806,9.78118159231,27.1192720851,0.966887961024,1.08899096138,10.5819999783,251.294495585,10.8434141366,7.54803070013,0.910181560151,0.967222564384,50.0131127174,7.81615793994,18.255299791,5.14755791513,0.969451648001,4.79762099299,8.90329013076,5.28637725353,1.84539951016,0.98691329202,0,8.37254885887,39.8918243537,6.19905686276,0,8.29128526337,0,8.86044829629,1.06069515984,36.5386901671,87.1294617213,8.95611626561,136.582149092,8.32886474369,2.84110227322,25.1176662752,29.0342574943,13.8512533369,1.78344100859,4.21344729796],
 [35.1791194732,71.2847332115,0,33.2782596299,155.5834829,20.9528318553,3.18820513669,10.9261657461,3.32756512211,18.5682863496,11.3610356234,28.5464536607,1.19705566834,0.856710867359,11.7920625985,354.264330004,9.22024326279,7.24930771523,0.996869585963,0.943280728075,53.9888450955,7.82310914085,22.0511923671,6.27469441804,0.949470226555,6.25518058399,12.1442636963,8.56991369413,2.07696800007,0.913833058355,0,8.67777703474,44.6396640128,6.73196414242,4.37992748934,7.95146611016,0,10.6953587047,0,46.0339098817,96.6062892246,12.9881359557,116.136770917,9.36375425322,3.13657101037,34.2293346215,28.082503925,13.3176434244,1.99466490766,4.03658492649],
 [0,98.5624347349,9.44957807924,28.2991684344,157.551861453,20.3755012559,2.67914853535,14.9609230727,2.79221071657,17.8388045619,7.20781479089,26.926272785,1.21653524248,1.00915568612,11.3012392409,244.070236736,11.0954236825,8.53010295625,1.06770417301,1.03098624238,52.1355430566,9.07914679452,15.9203491847,5.55720726552,0.848201179712,5.9777337468,9.60386498245,8.70279947426,2.18616678492,0.94128913524,0,0,40.5576650873,6.69236516717,3.56576721656,7.10484014478,0,10.8261028227,0.999673982942,38.7833024131,100.097982579,11.8227996733,96.3844020578,6.31313512199,3.04512666027,31.7914831864,28.9527446599,9.57941024156,1.94051030355,4.01659605632],
 [38.2643867071,85.9132939829,10.1112404037,31.4424330515,0,19.5682051242,0,12.0704271894,2.94129960221,17.6874607838,8.76337239429,26.1195764291,1.18430603577,0.841928636429,10.0613059305,272.399546872,10.233109678,0,0.881183682346,1.03612707921,33.6283968754,9.62310420342,20.9730819983,5.85907441814,0.976809130101,4.66796095452,9.27310564991,7.67136305773,2.01558353805,1.0701499499,0,0,48.6189658006,6.07305062009,3.82144607083,9.53419909363,0,10.450565191,0.969194908669,35.2782209669,77.0099383916,10.6504238304,133.141109263,9.66974009607,3.07546126547,34.4462999119,29.4049356422,14.3179992859,0,4.3579279507],
 [0,82.1888572946,9.97332169152,27.5609804537,138.45093553,22.4982105574,2.70934699601,12.1781990595,2.70022265992,0,8.99711130271,25.6745649141,1.00190863212,1.00636523651,9.04703841076,307.77987112,9.45190620066,7.66605309033,0.980955003557,1.18487766983,42.3905935268,7.39322271136,20.2471892413,5.53960261626,1.00817354845,5.15183263891,9.63925047766,8.59902509885,2.0804429165,0.849574628246,0,0,43.7300322072,6.87329838918,4.05776558426,8.0183669323,0,11.2730892748,1.03884756886,41.4747462474,92.4385324074,12.0914548996,115.385732286,7.87963227856,2.93607639706,36.1884488073,32.5953691069,14.5113265801,1.93208388326,4.10730757307],
 [39.3005234669,91.0321342923,8.93491076497,24.102637759,157.650348273,20.4967026536,3.11951752044,10.8690920312,3.2985323022,0,8.62657912962,25.3173696494,0.9610195747,1.08352513376,10.1208180243,288.646117114,9.531615096,8.47781227999,0.954030476342,0.978980834111,46.7319864436,8.09530274401,19.2994052026,6.80337665619,0.904128116076,4.95164029534,10.4160874591,8.75651622872,2.05238508035,1.16975456389,0,8.96330201221,46.6283355369,6.49555491387,4.78954907914,7.82474884616,0,0,1.10255726833,31.1327017339,99.618796578,10.8597641046,130.265585697,7.42815612744,3.46480427574,34.1902491609,24.5768519165,12.5681099261,2.09873411659,3.77776959903],
 [43.9627232117,84.1333347438,9.84607495683,30.3811092043,195.136414388,18.6933754755,2.33040235485,13.0639248779,2.61476059402,15.5862003735,7.42987287558,23.0054515121,1.13438743424,1.14241401307,9.92347719478,231.53496566,10.3409901327,9.02715417544,0.982587978024,0.938160492667,51.8022020571,8.22812093072,22.1163082656,5.92006188758,0.897747618426,4.65304052071,8.31454265848,8.15489832803,2.34420672791,1.26015025642,0,10.0018363204,43.2739402599,5.42588159537,0,0,0,8.96938539877,0,0,84.5198279501,9.39504878758,112.307981353,7.71884735313,3.50272811081,29.5867425388,24.9526382619,12.1563282106,1.84795342678,3.92776842087],
 [40.7941756574,87.7446543888,9.88945707478,32.67404756,156.319438842,22.0199960257,2.92276346802,11.1361269458,2.66491359652,16.1928583766,8.2099240793,26.4689567638,0.900406652246,0.839882643205,10.4681287533,330.989333882,9.68414768139,6.25484228914,1.03277871736,0.819981428563,43.1706626213,8.16175183927,24.9969558182,6.58036183246,1.11410256219,5.59398953334,10.942951452,7.56794579493,1.80381884044,1.00956632916,0,0,49.0503697265,5.73336305329,3.5907720004,7.57476529045,0,8.8768639021,0.964975736045,0,93.1053141345,10.8849748727,124.821661855,8.09534722986,3.25634609414,33.2562940015,32.3755700847,11.66519718,1.88406400019,3.75113439373],
 [44.4609934373,80.8610287912,10.0905711872,31.281013416,154.782846834,21.4320335173,3.33389377409,11.4052569759,0,16.7835180035,8.76512511534,24.1300817143,1.14770530044,1.01367645076,11.0883644246,272.482696078,11.2827424364,9.24006429559,1.08250032887,1.03352987705,57.3264325221,7.79568206311,24.7101180437,6.56036593719,1.02108678885,4.70555146587,11.9279730365,8.26183779945,2.21335662639,1.00253728892,0,11.9476134163,48.5950177126,5.85769348042,3.40733108027,8.5822758607,0,9.46243040514,0.99031091789,39.7932458707,76.3229017595,11.2363280577,136.838809081,9.13775023016,2.99149127464,31.7503495803,27.0906460753,13.4376218934,1.62651028779,3.66037404865],
 [0,85.6965043637,9.22815795595,35.9817230947,168.597741354,24.9042270233,3.01739564416,14.2162659297,2.53364255926,22.6721930964,9.28261258405,26.8822360473,1.16972322511,1.07980953793,10.6506018964,282.724621608,10.665635949,7.76317195352,1.07672744239,0.978114501519,47.5407343974,8.10696154266,21.4014707031,5.63303027614,0.91662530864,5.72388472002,9.53426709684,8.69350861295,2.01416687629,0.87356692182,0,9.34759468995,35.9059760544,6.43677704042,4.59949389231,8.4079871306,0,8.81396250511,0.972272810537,40.6776596482,96.1098680919,13.7156873858,94.1759563496,8.7303409544,2.59521858365,34.059692064,26.1819572703,15.4747855409,1.83876036364,4.30232048345],
 [46.7104647301,88.3666522174,10.8200176422,32.1282670784,172.455097503,18.4452403154,3.00486556213,12.9765217528,2.48206965422,0,8.89433037882,27.0441008748,1.06786523847,0.953289697283,8.47702272063,0,11.343753579,8.44096263779,0.876212783884,1.1305142322,43.8487540595,6.15629926299,19.1477911225,6.39202947804,1.04171573794,5.45989981703,10.0900203336,7.30087404927,1.93460521251,1.10800420979,0,9.19861163831,42.5459384355,6.24376815793,3.16926680578,9.643280256,0,10.6839024859,1.08279107019,42.7831591342,84.4286579087,10.8387502756,127.919218656,6.83651758089,2.81562271222,31.5009830638,26.4180083307,0,0,4.01305749728],
 [43.4600490684,102.053833947,10.2754655966,26.3028148654,164.038929161,20.1241067229,2.93027484116,14.4329572836,0,18.5255757792,9.87261073592,23.4149899069,1.1199529337,1.08723292399,9.84035392271,306.488007855,11.0059882335,8.60725011229,1.17952346002,1.01192940227,50.2686223963,7.59577683482,20.5082502818,6.38852275348,0.929785296669,3.91583113947,9.0110368903,7.90055623309,1.52051638221,0.869133970181,0,10.1573626653,38.3797720145,0,0,0,0,11.5059275062,1.09365067775,34.7095788354,94.6389425064,9.56598554071,135.497581497,9.69854820331,3.150232606,30.9975085624,26.7843184597,12.141606827,1.66713217671,4.03168622145],
 [39.5213913575,92.8854138948,8.91941719808,33.1953740182,193.113105896,16.5526897635,3.08271198012,12.1741377841,2.98995261252,19.3291883005,8.14543154425,25.283702794,1.04329437645,1.02204211895,9.53375967572,318.946198604,9.98001287279,7.97523073437,0.903708964673,0.96960008055,43.3942307847,7.38279343026,20.0948094402,5.93619764714,1.00642216359,5.0246183486,10.1253308677,7.11754920946,2.34780501749,1.04922862931,0,12.2384534246,39.5633704185,5.8009057549,0,6.82302727836,0,7.87744398332,0.961639879288,44.1436959951,86.6802802977,11.0152033549,117.174259165,6.68346861557,2.58700130136,32.6642207546,28.0123543731,15.2159055645,1.82091852951,4.15939677176],
 [44.4703207676,93.889220813,7.45803049138,29.41357648,164.421853202,17.4371709157,3.75935941508,10.9346974971,3.06259568601,0,9.1932294989,26.3942846772,1.00850789317,0.935744660904,9.4170807066,279.624085952,8.61767620716,0,0.94163220609,1.21700388432,48.1277757813,8.5623094519,19.5004014678,5.80670130693,0.914165300538,4.63745261937,9.54014365207,7.28661736777,2.1306837884,1.05153292861,0,11.6909571793,40.3704669582,6.15128067035,0,9.08806749518,0,9.08204371461,0.966411920668,0,93.6995934612,12.8764422177,138.1875157,8.26131634227,2.87383064031,24.7747516879,24.113009318,12.9963862332,1.99003917742,4.37949864823],
 [0,71.2844556622,10.4685209622,34.0025368218,188.537956232,21.1297179334,2.74151258641,11.6300478832,3.07278081601,0,9.7145507381,20.5224983956,1.05137656702,1.17527290033,8.36996351504,304.381052974,9.44632027709,8.3970011569,1.0076817661,1.15163035149,45.1492600412,9.36295400171,17.4924101056,6.25685002825,0.967153854612,5.71996123584,11.0515375297,9.73521336946,2.20155531756,0.959330927839,0,8.28638489297,37.7462177738,5.17423984197,3.9426375958,8.01338211199,0,8.50116529222,1.06614061878,42.6687869115,81.4875280978,11.9116261957,119.363106046,8.03441795592,2.98209200043,40.0990917057,29.8951657519,11.9856943755,2.33685861561,3.71548082266],
 [43.6123711056,94.6663614274,10.044486918,27.4651135966,175.83741603,20.3848937252,2.6553825175,13.9976644342,2.70758969259,19.2871118041,9.83373983612,26.736268935,0.953336765946,1.02612443131,11.2386398002,296.490141822,10.5807117774,7.57721922506,0.918378229799,0.829049148598,33.7538282118,6.89102850841,20.6862418015,5.9285346993,1.07433052138,5.27488203717,11.0774906349,8.6002448481,2.0331987488,1.12238714973,0,10.7230772925,0,0,3.90425957927,7.9295447128,0,9.99458080239,0.936446277661,42.1267008682,92.7211049573,9.87147469336,90.5689881513,8.29212736583,3.11653730073,36.3317137767,27.6224050601,13.3544742215,1.94996813981,4.05239409528],
 [43.9281176334,92.425235028,10.6518472559,32.4495986874,149.612584263,22.5767135456,3.14224330758,11.0752490292,3.13841424482,19.2771401786,8.50598027523,29.0870903603,0.782540250646,0.954933455441,10.638314713,359.066012756,11.0639049579,7.25039124978,1.01931021675,1.05167289085,45.8178186832,9.12767041026,23.4557210984,5.38820490572,1.1655928184,4.34438317871,10.1576455321,6.63396686673,1.91040082954,0.972184249743,0,8.86920355803,0,6.22681844907,0,8.38852331231,0,9.67145019861,0.801019950931,0,82.3941340753,11.5006220861,143.923531614,8.75523684421,2.73363454904,29.1408431837,29.7636374115,15.0356143186,1.88440889138,3.29399123361],
 [30.2377772104,103.632125357,9.6345787187,27.7544140678,157.036023949,19.9062939516,2.88476535501,16.1039591681,2.28247201673,19.5020372971,9.34219820398,24.6091517862,1.05304734105,0.982495496791,9.60006408231,261.088790383,9.15724982077,8.31464320786,0,1.05676082862,49.5654475549,8.43658824285,19.6938980267,6.24643342818,1.08141163802,5.20940094468,10.5175490432,8.72212499651,2.37998435635,1.02675526319,0,8.15595752654,45.792074431,6.33754382474,3.36234861839,8.11454639909,0,8.8073276845,0.867255092384,47.8589282363,83.5026062754,9.28065506232,116.30153149,7.69762210106,2.88865849416,38.7495753545,26.8483481701,0,1.93768958919,4.2433060598],
 [36.54205477,94.0226259628,0,31.8098889182,188.374778789,26.1695797291,3.05636747371,11.0705261209,2.75307174968,20.4982625067,9.42288593316,28.3846038018,1.19822189911,0.853187698134,9.44068197234,239.524360102,8.58662173857,8.01622039152,0.983848174803,0.989432764093,49.0294097491,0,21.8618807021,6.05336456867,1.07551744893,4.80854958193,11.9401903368,8.13408723015,1.81389818437,1.08845792457,0,0,39.1743176209,7.12558999527,4.07539298823,7.87648095364,0,11.4738872938,0.925153278268,44.9435678453,87.0795284582,10.4476239423,115.734665391,9.53111793282,3.36847422584,33.5389442791,29.7161645631,0,1.99050332918,3.87933544381],
 [41.516462405,84.6533650245,10.6315270942,29.3163804616,149.45885467,19.3046613173,2.85896977624,11.9915659212,2.86502373692,18.6919050915,9.79476283577,23.6931629666,0.99870158757,0.993311619308,0,248.804187129,9.95899463442,7.23251892288,0.968723021663,1.11217979363,66.975150373,7.8325882801,21.0614277071,5.4678216653,0,5.21842705917,9.82279694748,8.71662608042,1.99460340287,0.933326648497,0,8.77049263227,0,6.01116466945,3.81115671068,8.072398257,0,9.67082576449,0.898511183931,41.2499600153,84.3902867705,11.3301741388,115.983940473,8.41739541318,2.67272451148,31.4847725787,27.1451994457,11.3541418422,1.96549698411,4.20244826796],
 [43.7735360246,96.2271123014,9.58541488101,30.4662459091,153.249752949,26.3062535334,2.89494450232,12.7031395355,3.06644485524,16.1233434199,9.79016076931,0,1.02856477318,1.01033127085,11.4388431267,249.875696017,10.4169095118,8.81569352804,0.872190711811,1.03347662347,49.4013484842,0,23.4464343165,6.74291010051,0.870719159206,4.79114855128,10.5927753166,8.18196753634,1.43003982912,1.17526679687,0,9.51498242427,42.8372442492,5.81132852641,4.61698013382,7.82686338079,0,9.65605473815,0.987153555023,41.2653640438,98.1536066785,13.5887527468,118.144610788,7.60255510766,2.73177951308,32.7403971947,23.0148559485,0,2.12104947155,4.1770660477],
 [48.2894040391,90.2967106446,10.2838180502,31.3951867879,161.98524372,21.7483847541,3.19081708327,11.4563443479,2.71794872714,21.5885317676,8.60395251093,28.2324535574,0.939051216969,1.03087767984,9.93480269682,287.79735353,9.43184629914,9.20506729975,0.819775019065,0.970615834336,45.4736177001,8.71030798678,20.2583086171,5.92411726787,0.952362483201,4.634952209,9.50598014286,7.7182974743,1.9475251115,0.925650805711,0,0,36.3467734488,7.11395147537,3.84633196075,8.60636134114,0,11.3108325161,0.950641209877,34.4891142501,65.2930173893,12.5169049783,109.373216403,8.53468316227,3.22327883072,31.4525110358,23.9298721407,13.5336773493,2.01670397516,3.86865877918],
 [37.1158583227,88.7801101911,8.71808205479,26.5798417571,193.451462799,19.9987595052,2.68288643278,11.330061391,2.72876393964,17.2072614119,9.80762175505,21.101910475,0.916703278589,0.813127798984,10.7037436342,306.548424942,10.2806596587,8.80632964303,0.746415061148,0.943569076438,43.1443707459,8.08370233125,0,5.12227703584,0.919723034334,4.58014153122,9.95954308182,7.8572782161,2.2272990508,1.08342521312,0,9.64049268028,41.4492486522,6.16059679405,3.7879965997,9.01755715044,0,10.484612498,0.935772039102,0,91.9303615826,0,130.644970177,8.38853536275,3.37832630332,34.2434179078,33.0534812391,0,2.06749564457,4.29010151631],
 [35.6612739103,87.7291028155,0,29.4841604772,169.000571359,18.4294642326,2.60770222912,14.1613702144,3.46000966651,17.0660018079,7.84742259838,27.0197050513,0.999178443188,1.0705130277,10.3268734598,284.263915646,9.36415592798,7.83307084165,0.912142314699,1.04614780976,47.2923008322,7.21687925048,21.3837469283,5.83142446402,0.948789080528,5.19181583517,10.1486697686,7.97708640004,2.02039137203,1.00977346778,0,0,42.7362059287,5.6767921332,3.88989530787,8.46364823554,0,8.49523381986,0.857343571343,43.9238960414,87.569677319,9.15459208336,119.040329412,7.0503599988,3.35781591615,30.798189569,28.3051973462,12.7341905222,1.9753171901,3.81600640481],
 [33.8664785673,88.2574363483,9.66421332446,29.2794981296,156.595817551,20.0587601184,3.4852690986,10.3538258784,2.37225917424,18.3195699079,8.38089598047,25.0546210614,1.16413354497,1.0706209101,10.8476414164,283.215055747,10.5993390854,6.76586713986,1.02223575238,0.74700133156,45.3616841954,7.26110792252,21.2006531108,5.37965350208,1.08397685896,4.6802390023,8.0426588984,8.22964603557,2.51604627495,1.13019380819,0,7.48537692357,42.6957584576,5.78874704084,4.36507637031,7.54902108761,0,10.3713962821,1.0551067271,43.13958012,82.2737444255,11.7223166877,119.57245178,6.9010203311,3.56758503586,30.5312209367,32.597039361,14.6165693889,1.93439737358,4.60057589044],
 [44.3446048029,80.7637325981,9.12361190414,28.1127510235,157.050433562,19.8230948855,3.14286014477,11.2757547507,2.54471487781,0,9.2390161744,21.0830433329,0.83487987443,1.00536567014,9.83098123611,273.554239343,11.4891242869,8.35489670958,0.832314503794,0.956562088466,45.3832975089,9.17513487446,0,6.64176659144,1.00961058433,5.49776410928,10.6832141819,7.43579399195,2.05882974954,1.04136751512,0,8.69495296583,43.5116348237,5.69707920482,3.92705851465,7.93521761963,0,11.8673737508,0.965776106332,43.0404346908,76.878240304,11.295662769,121.629944831,8.6340956028,2.59596750883,35.2746202851,26.0344682329,12.1090287071,1.92155219339,4.32518575845],
 [33.8735036056,104.413541964,0,29.0929559392,165.952932184,18.524296528,2.80887148052,12.4975550274,4.00043074629,16.0944372995,9.56393627613,21.0276049599,1.18227979482,1.05386007497,10.7752075597,282.136904893,10.2989353976,6.86374399776,0.972977555069,0.945402108762,48.3548230127,8.41254604304,18.9881295406,4.61512597733,1.14865120907,4.78438530116,10.7310416667,8.9136509643,2.03885857869,0.892300582635,0,9.82971300475,0,4.87823408879,3.39990987146,10.1375922928,0,11.1852667608,1.06943674545,44.1617325464,73.391670375,12.9130466994,131.532150155,8.17132679197,3.54662988937,33.0356469034,31.5105954102,12.1063269449,1.99385281491,3.85701781684],
 [43.3697334173,97.0989886192,10.4454328783,29.8207562726,146.896513786,18.9194369106,2.96929630246,12.6855373257,3.64148386944,17.7047178072,8.15856690904,26.1181397133,1.01928431094,0.941395642703,10.4619078706,305.773929001,0,7.47699117806,1.03753362016,0.84470543693,51.3586743826,9.39789975571,21.773581149,6.9125686368,0.968233077106,5.10938018587,9.29506052725,7.8767212959,1.8285910516,0.824326592445,0,9.6226628749,38.0717252933,5.29257832025,3.52111994132,8.23583251061,0,0,0.806000098765,42.0767050662,77.6950947702,9.65611122986,126.880055041,8.06592333802,3.23529409788,37.8374005925,29.9436755727,13.8749652658,1.91350145315,0],
 [33.4700443844,108.758182091,10.9502575368,33.3155586105,136.82200241,23.900583854,2.94906006412,10.9061727742,3.0567779689,16.4175098713,9.00791911703,28.1795060361,1.01395754339,1.08664586701,11.4861241905,247.910750941,9.52109629663,8.62972702375,0.870404626632,1.05839983802,59.4343659795,7.52567957783,19.1747314321,5.66883451317,1.20935871952,5.32001058968,9.36502866521,9.16187178384,2.04445984359,1.13538468565,0,12.0668157695,40.8137065313,4.98320285249,4.47200519379,7.20221382861,0,8.06128431368,1.03518308133,40.5843548545,69.4658661763,13.0635996999,103.986475226,7.14491642829,3.14636863652,31.732618465,26.6540846297,13.4015243163,2.16470025407,4.89914452927],
 [40.9187441053,79.437611075,10.1011194638,31.0467791225,164.592223451,21.1001569682,2.45366662142,11.8361012227,3.04946865929,18.2446584705,10.2764970225,25.7358751121,0.991496638608,1.02134821157,10.5950614747,275.353644613,11.0596738412,7.27266299352,0.801454030487,0.989089508019,46.5805157837,8.46820670307,22.5494822856,6.02056566094,1.11332209218,5.2226661192,9.41984594308,8.15495556666,1.78909736788,0.886800856808,0,8.46027239276,42.6652350997,5.36311828223,3.5853460835,6.19329068445,0,9.92648038823,0.862099423767,37.3018416916,84.665302698,10.8330973777,112.339752208,9.31424599731,2.26801400298,30.6840375253,25.1724106038,0,2.19776064032,3.61334777342],
 [40.953227539,82.8500214726,10.2799962218,27.556707446,156.368959801,19.813764493,2.75225807409,12.544028985,2.54114346309,0,10.1588359863,23.5032594946,0.804884079939,0.981327122337,9.14183091326,282.682398396,10.1489626942,9.26580786097,0.884311123231,0.924156463823,40.3805451819,7.81266356963,0,5.34456012723,1.09955808187,4.789350259,8.55683928217,9.0879052331,2.0090854423,0.894999981741,0,10.2889978059,45.7351430069,6.35646200491,3.45944645247,7.52209351819,0,10.6933008039,0.965492457802,40.485973475,96.0928108198,10.0055261204,95.1198297301,8.36527225018,2.99122331493,31.4387776285,27.1139722773,0,2.03118760168,4.49076118026],
 [41.3604193869,96.3738934948,8.29960574349,34.4617187385,161.460347559,18.7065549723,3.31340815485,12.5683029923,2.72529122457,18.9945075565,8.04744638676,24.9115589766,1.00579817008,0,9.77254054874,261.7459788,9.42732758129,0,1.1511166208,1.163528398,51.3022559737,8.47592094005,20.0736113112,5.50452497571,1.01214236991,5.18848827817,10.0496192484,7.73716430794,0,1.11522416814,0,10.1209171081,33.7183774941,5.84937612841,3.15243223267,9.75768255458,0,10.2588063151,0.998062437953,0,80.7565325347,10.8479083912,126.256942539,7.1971751424,2.41306697553,32.2053016698,28.7174358933,0,1.84805385831,4.05475028122],
 [46.2724422275,86.5767541421,10.5407993684,23.6937829522,148.364630066,18.1389275179,3.05510571502,12.286345957,2.64263354955,0,9.116632305,26.8702720863,0.991991993476,1.07166438017,10.2070728782,293.721450041,9.95483454716,0,0.930631491857,1.06415670618,45.7913999415,7.47394339004,25.7352446566,5.54679576194,1.01257076355,5.09010229092,10.5817933211,8.85317704753,2.29027014563,0.967122817398,0,8.85171628325,38.5418833254,0,4.14655166477,8.19660076497,0,9.06695851091,0.974307314624,47.9841744055,84.0359478983,13.0850223587,123.95020796,8.03358863869,3.11553285648,36.085905782,30.3194887197,11.1928469639,1.75219034047,3.90902837707],
 [40.1758845842,98.7178691865,7.50739729787,29.7783879164,164.91925979,0,2.50674956507,9.22266282391,3.46750186386,18.1488122169,9.10945718657,25.0432226864,0.956095762414,1.20764743037,9.75098467677,0,9.08896170953,9.10945450399,1.24504938065,0,50.3858285526,7.95345876657,25.609808155,5.12955141567,0.946306626314,4.58754352985,10.6165973767,8.20695594427,1.97150180881,0.812648070926,0,0,46.4061327642,7.09720579307,3.35040335144,8.64789002129,0,10.6857597194,1.09482984814,36.8456694253,101.247818025,9.04349464056,127.754213022,7.67709832876,3.34111955066,31.6669490346,30.4274036646,13.143686931,1.69057792174,3.69800010471],
 [34.857002238,91.4443704634,10.7558258711,28.3246562779,182.406409554,16.9755924912,2.62112859243,11.9909394259,2.93224712934,16.3179089388,7.13150023376,28.0353073745,1.0959624452,1.21246964909,0,310.691275345,0,0,1.18369160978,0.8953389998,55.1276524106,5.84971314573,19.7688028783,7.2246705556,1.04295411522,5.53865202591,10.4660816686,7.56876968402,1.80961594993,1.01649565706,0,9.56748884223,52.9687015135,4.55380783877,3.62487415309,0,0,9.61902187556,1.04294988878,40.6527451592,97.3165953174,0,112.464600298,9.9110593686,2.6879236184,31.1867515207,28.8225915582,12.4894894042,1.96384827127,4.31669436731],
 [33.9379615691,91.3943394535,11.8640707357,30.8083397828,176.961313481,20.202119377,2.78032722027,12.6854974371,2.75959575445,18.389337766,9.72931448701,26.1254842492,1.04750193584,0.836447582603,9.51260595362,251.053912047,8.30311539796,8.04282586673,1.01187299371,1.06922198914,60.1618627717,7.19901596358,22.5528315787,6.06327617892,1.07610547099,4.52624807304,11.2968971398,8.05112765227,1.91011420757,0.960198001206,0,8.72888046615,44.4994829443,6.06069875442,3.77404881398,8.80531245119,0,9.22678437429,0.90243071007,38.0904345486,90.3026017333,9.97713275647,137.717945808,7.57127680683,3.06642404838,36.3786728115,26.7013890742,14.6313730411,1.78103305532,3.76697342071],
 [32.809591197,88.3753788475,10.3650804776,32.5253955267,0,16.9817379524,3.01220671604,10.0335322715,3.32962248222,16.9267455391,9.4076081438,25.8639874738,0.958438166713,1.00501420955,10.2682358737,341.851513999,11.917989506,7.24790900357,0.896247103314,1.0078855037,44.1424361866,6.85289256443,0,6.75552184538,0,4.33124754246,12.4028551866,8.59657850411,2.0309984621,1.02272155376,0,10.3998289086,40.6863373422,6.70918266767,4.14985159168,7.1162032445,0,9.81450563316,0,42.3217312398,76.8468765606,10.3454324095,125.114542163,7.77232024254,2.9880089772,30.3855303456,28.2203839614,11.0612389648,1.54906331345,4.38765886764],
 [41.8652586155,94.3186837477,8.40743239394,30.9005404597,165.97042019,22.5550055633,3.13841273499,12.0228817169,3.38310345193,19.6832315564,9.84838410552,26.7156888483,0.877150687181,1.04673454267,10.2904505036,317.1538017,10.2018525678,0,1.01524025623,1.14084474158,51.1349167126,7.90832833621,20.0986194686,5.71069751195,1.12825213479,5.57872810529,9.3302899099,7.00532176769,2.1153185368,0.923520812418,0,9.6256447754,46.4486502629,6.06263425337,4.69346338951,6.38518711933,0,11.0214963321,0.722695223608,43.9401590502,85.5590042764,11.2627691504,125.215753613,7.5707122515,2.61630285027,31.2106042832,22.1938927397,0,2.19124701172,3.45929896604],
 [40.5918679653,79.681276872,10.9227826725,27.724898801,163.837176513,20.0297710644,3.37784441064,11.6716180768,2.86779830459,0,9.62085011762,22.5078027734,1.17942917166,1.1159733554,11.1754950224,290.667366726,10.2015289762,6.9771115229,0.960566827846,0,43.1492101646,8.4453258202,21.8194915059,5.8129540818,1.1160155306,5.29392788102,11.2749798947,6.88121436167,1.9948725796,1.1061923287,0,8.15760498202,34.4572190382,0,4.23421396992,9.51038796631,0,7.99556163451,0.992904981861,46.8364277254,83.6473811233,9.87428217413,97.5535955368,8.79033163551,2.53648638701,26.7590249323,26.1425942406,13.632354553,2.03807923096,3.11597152658],
 [45.5973516961,101.262656018,10.6691000524,23.3542656825,169.316495968,19.7543349023,3.49432164681,11.2372389516,2.54147877789,22.3637896872,9.58681023256,0,1.1052937862,0.905969802495,10.4753919219,288.150504579,10.2984741616,6.54758969238,0.968166067406,0.928211267573,55.6591204022,8.67060369354,16.4558156356,5.85181247068,1.02580673978,4.81538253329,8.97670811891,7.79312792741,1.88413898827,0.992433300535,0,10.59684038,37.6350456264,7.00638479108,2.99464204695,7.84044502372,0,8.45966312123,1.01666665801,38.0926111334,106.803492877,9.83792888198,115.077767439,7.92468931256,3.04104057467,35.6093876875,25.8106186467,14.0536026172,2.18250733223,4.1875438077],
 [41.8886359175,103.418697614,9.5601812133,29.0619086161,163.681937416,20.2793716522,2.85157335302,12.0730124597,3.24410956418,0,7.74937640225,27.7327824904,1.05970623149,1.01581523326,9.28335431681,279.171961328,12.4923383474,7.20357445331,1.13783031991,1.12062982137,49.2925075944,7.92063368229,0,6.04747703396,0.991601920928,4.98056074739,10.6278989522,8.3542285695,2.03081102272,0.840450731386,0,9.98037520425,40.6664950581,5.98169843824,0,8.27983304228,0,10.2581863567,0,41.2809353517,93.623926898,11.7452080763,104.668320211,7.18422626642,3.74161517692,34.382575176,26.6038455242,13.8050025206,2.09121540146,3.67444848123],
 [43.0986948638,83.037247303,9.14841501912,31.5790487136,161.565767572,20.5425562052,3.26790456863,11.6636780203,3.02964199017,20.2213284351,9.42235747035,28.4849730832,1.04397792861,1.04761144308,9.92224903785,315.259223988,8.20253331036,7.14967653017,0.994456600077,1.07190360904,52.2511011125,7.54020486369,21.8893139858,6.11367782612,0.904855204655,4.36783453893,10.5130128655,8.80609468195,2.23277194534,1.02035457421,0,10.7886322538,45.6990398782,6.66824146951,4.20875185673,7.99886037374,0,12.457011334,1.03573915255,38.7221131501,90.6783962048,8.48112189293,0,7.08179830994,3.325341133,28.5415791022,29.5305647747,13.1243388844,2.03983598749,4.42447204105],
 [37.3583003946,80.3949251212,9.42798836077,29.6455301256,158.863674298,16.3773852065,2.85762302697,14.1883830987,2.87999262476,18.6736854024,7.88963044818,21.994507921,1.00223232203,0.906178053241,10.7314167499,280.591985264,10.8321437493,8.91472291562,1.01484405756,1.11952730777,38.8313425964,8.69982677441,20.8661512538,4.4240543973,1.0076336698,5.88636062748,10.0113216424,7.38444800813,0,0.928879723207,0,0,43.9886052108,5.59196594077,4.20337926408,8.63243547107,0,10.9589910274,1.01749402805,39.6474657111,90.3927789329,11.296527212,98.8521726123,8.07873428766,2.7114162713,33.1392246091,28.055223639,14.8517614422,0,3.95874712651],
 [40.6195026651,91.7201313232,9.24546564078,28.5517732533,0,18.7054790771,3.02527896754,11.7953432396,2.53673389821,20.1573857366,8.92602444093,27.4838015909,1.15001437816,1.06749427094,8.87174016509,298.76399707,9.40330366148,8.13081825019,1.14886314771,0.898841055963,55.8450466239,9.15214459728,18.969295046,5.48464460462,0,4.70203775507,10.3105486618,8.12657992369,2.14136490278,0.963064190512,0,10.6584211718,37.5127412916,6.32630018937,3.27829243048,7.31118544352,0,11.1700021457,0.908592349126,43.197174262,95.6982574641,11.6632663013,132.265151012,7.32410318484,2.58386260479,34.0815566538,27.8683505353,12.9019963962,2.24153322128,4.15276871161],
 [43.863307698,84.4305433219,8.45381554915,32.2119807479,160.253519569,17.2698416633,3.28139056801,12.2679594448,2.90028300774,18.0346883342,8.15406170869,23.5520706652,1.00091786708,1.32902971753,9.6446715374,243.596175826,11.4046262496,8.70790805616,0.794159906671,0.969737266211,47.4984775187,7.11564831108,17.9074428896,7.79491874841,0.988927653866,4.70159733744,9.74533305247,8.12604929464,2.52755314176,0.931002353722,0,10.1620154497,47.9418979771,7.1716299907,4.25575802151,8.46554073156,0,10.6319403842,0,42.4488586943,94.904313617,10.4300683917,130.189189274,8.83799957044,2.78485331655,25.2930361566,29.3124497077,12.689411584,1.87920322246,4.60270899624],
 [44.3554413574,79.151495634,10.7121516131,27.9467807291,154.260576022,19.7615578091,3.03831211395,13.155898718,3.05103710519,18.971614201,8.78289393926,29.2934267916,1.10417911482,1.08689266817,9.04331061638,301.420671829,9.45431759858,0,1.05949884616,0.910775030323,39.6325089232,7.58599954975,0,5.12214993266,0.740742403402,4.30660306915,10.6339467008,8.75755763976,2.58832980618,1.06699957679,0,10.3221829139,40.2151755825,6.00230281413,3.97427700859,7.92003009056,0,9.91370482626,0.882473001467,41.7450021793,68.4761102804,11.8783716455,125.129605139,9.20199406687,2.97096541344,29.3945118596,29.5234876525,12.21400594,2.42995282587,4.03629626242],
 [43.4416875808,70.5250154719,9.98516332413,26.9582902381,191.534208429,19.4729169798,2.87080784368,13.8555620877,2.79750353477,15.409665816,9.18289446205,29.0410266529,1.08741092013,1.04317606233,10.1433843846,280.516298152,9.97574990958,8.43520713668,1.04774549857,1.12465314682,52.5888095352,8.93801995925,20.225145967,6.09393644959,1.01083406386,5.90736725022,7.87278615251,8.21712245852,2.07049853253,0.927852126221,0,12.83779679,38.5044040962,5.94167525254,4.77420583975,8.45025438878,0,10.986569942,0.96042986273,36.402858121,80.9172287649,12.3020129013,107.190774362,8.42888054227,2.91526436196,34.6410957874,28.9186506571,0,1.9811761259,0],
 [37.2647056959,94.7577371142,9.96419719268,26.7335148762,138.709521331,19.2770430741,0,12.2261472208,3.16148779701,17.1197600415,8.29497435054,28.1187165568,1.00922691764,1.00563348231,8.71291738512,267.905410062,0,7.65449643093,0.961446645132,1.00176267102,53.7277820956,7.28909955147,21.3687791249,5.09364464872,0.960961524754,0,8.15272098521,8.10988485877,2.0460327787,0.987959651148,0,10.9726408634,41.3325127547,5.86652862471,4.95452880157,0,0,10.4769927895,0.957798605059,37.9696458012,0,11.6598096326,119.177000757,9.27497504472,3.34910293027,29.3257646049,27.3294521192,11.6806499686,1.84159306338,5.00459691147],
 [43.563286403,79.225062774,10.595500006,30.2696679026,146.175263331,20.2642641387,3.15720178523,11.6683536345,3.31133891231,20.4324787296,9.50302731805,26.7869454296,1.15216561388,1.09870253178,8.54441852241,274.465428377,0,7.20493555204,1.01441983209,1.0546645548,37.5295354548,7.13882117757,21.0005142396,5.17462351888,1.1380257476,5.22520961268,8.42744275794,7.78917158404,1.68864610247,1.00591094509,0,0,43.7503918254,5.69430282245,0,6.6171799089,0,11.2849279539,0.976973688136,37.4786269583,78.6071997254,9.87425569232,104.061280579,8.10273399383,3.1525861673,32.6015016281,23.1645698478,13.427154018,2.00545031033,3.65426541861],
 [0,103.030814704,10.043250101,32.3563185233,142.233397704,16.4752007036,3.15201099184,11.7391953272,3.24676909158,16.9233433582,9.88764559372,25.4701369393,0.971938235954,1.14360924507,7.47082969365,223.157258679,9.19021482605,8.03441388032,0.813643983176,1.07239137713,42.0178960279,7.80904809377,21.6865506715,5.58270334919,0.902327952399,4.84780816945,9.10848564598,8.24478079072,2.18401086979,1.03811149542,0,10.606123865,0,5.96855021842,3.45573266606,7.65097581378,0,10.0805189694,0.888556886106,0,88.1928536913,10.9336989631,103.430929151,7.69807418151,3.26499069219,31.6579516498,26.7416311702,11.8615281806,2.12432168622,3.57043532232],
 [0,88.9979515266,9.45755769688,28.2391468439,140.263221205,17.5098434827,3.00935861466,13.3789754699,2.39448242582,20.2808969383,8.97949722398,26.1398669654,1.26949891963,0.994720383437,9.44576402197,254.834263628,10.3696910312,7.53740192812,0.963613804335,0,56.122907499,7.80849982589,17.7622914677,5.71686590106,1.06536299457,5.51339279287,10.1635315108,7.69763801522,2.08600917456,0.95381760478,0,0,47.2034229078,5.0192396576,4.14628810182,6.91100478455,0,9.738481728,0,36.5302961075,86.2288802905,11.9217294997,127.420065983,8.157435048,3.32808145723,26.8599515617,27.7389666821,0,1.80498601189,5.10649624406],
 [0,81.9828092344,10.0318474632,29.059730473,148.901122606,17.6292196382,3.15484541202,13.8669376686,2.59474385686,18.1075959945,9.40805797521,21.2682026903,0.881621189314,1.05729077229,11.2017912102,227.560676991,10.7295862834,7.68271345104,1.05775480706,1.11013081647,50.0169461276,8.85961730555,22.1636399876,5.87215852675,0.83019834087,4.67708320394,10.9251961225,8.5137831055,1.54647374401,1.0857877832,0,9.72884304438,47.7980046646,0,4.40686218865,7.81732345469,0,0,1.12521463669,41.4926280873,76.4625649297,11.6177272654,123.233579691,0,3.00413346855,29.0632663341,29.2761847184,15.7654978827,1.67623350246,4.3196988647],
 [32.963077905,89.7571777414,8.4516688537,28.2473854437,141.435821334,21.2179986801,3.0918797931,13.2330424111,3.2829698901,0,9.9504121508,24.728410898,0.939287096311,1.11509152976,10.455181684,289.158011608,10.0263093315,8.54480630098,0.951229983499,1.09127097623,44.314163248,8.24086928697,20.2723547558,6.82625637653,0.938920222796,4.49677456803,10.3982039173,7.07885065611,2.11299097618,1.01848727596,0,10.033774632,42.7110764212,5.9556795683,3.90253289347,8.24118711694,0,10.782295769,1.10477852357,40.0432327836,99.4502149544,12.2881119437,127.656837985,8.85589600299,3.27567148287,34.803005301,28.1219941053,0,2.00530391256,4.57149488086],
 [0,91.9942460443,9.61854307285,31.6843374333,148.772305037,21.6022128689,2.98795409691,11.9005871444,2.79289337556,19.6561049191,11.8203271005,23.6219773429,0.891405672455,1.05831809434,10.0753893222,263.962790824,9.72052592563,8.45664706594,1.08530292523,0.942677777801,51.6648183077,7.09377362187,19.5826591275,6.26327222177,0.953813645749,4.3568404119,10.6179592601,6.99723404422,1.80940659338,0.956229388672,0,11.4598943601,48.0920058992,5.94912549253,3.47297401938,0,0,10.5838580403,1.01656566391,49.0335667023,97.8783207437,12.0179672058,136.007206265,8.04367256313,3.28802593617,33.9330040049,29.4461037601,11.0020255047,2.22360978803,3.6221871704],
 [37.8523860818,105.979240316,10.4174626429,31.5236969896,148.314379004,20.6716362311,2.7769230506,12.6735867135,0,17.9605363785,9.4604699189,24.7492299302,0.972721513678,1.03526460336,11.7026243871,295.691410641,10.9546266623,0,1.14248332154,1.05344880252,56.1049208056,7.30543230902,23.400209314,4.77452345676,0.976989245327,0,10.7019787435,7.57213923783,2.07162661639,1.0067140914,0,9.94035550687,40.3850332646,7.39000634525,3.53947857862,0,0,9.19659447377,0,37.6232770738,85.3273251009,9.46947643809,111.074065466,8.6595063619,3.20232487679,28.750360139,28.4287308458,11.9924212399,1.83988420002,0],
 [30.8071142,78.9292905454,9.75077835786,33.3927135932,165.225528859,17.389628068,2.78629081346,10.6495195578,2.56667299213,0,8.49499621657,23.8400628346,0.977641189674,1.13662830185,9.7612248329,305.776167678,8.44973820479,7.92321215216,0.985407079248,0,52.5276749444,8.85402073637,19.1010097223,7.37415954457,0.899632133976,5.17268384838,10.2001537298,7.76680791759,0,1.09793442104,0,9.38794531537,44.8353912564,6.2270935495,4.0343637797,6.82178960285,0,9.24009511602,0.898839752202,44.108449432,81.9515068835,12.029219086,124.024498374,8.46376962535,3.0131886848,33.7792805797,23.7703738183,0,2.22822059437,3.80240100643],
 [39.9702138375,79.0737574494,9.01076882464,36.0827093528,144.400997988,23.8575528659,3.16025917758,13.7431403716,2.58406478534,20.4744015175,11.3165655955,23.4745739056,1.02293517668,1.08778480587,10.6615349887,312.736089637,10.6334494065,7.91642343204,1.02669316301,0.905820107191,47.2549009062,7.88272026981,22.2763783063,6.00715130201,0.902398176733,5.12891232185,0,8.61414683006,2.10227806156,0.978048068772,0,8.76518346846,37.6735552222,6.19957731339,2.93751910616,9.00883221157,0,10.6555437712,0,47.5331374373,80.8104669104,11.2402955344,143.988997461,7.96138576864,3.2113328299,30.4456325708,23.0364555816,11.0039941862,1.86401442719,3.88673230067],
 [40.9239982295,84.5034610272,9.34740212796,28.8353095915,129.022201446,21.1658927713,2.86956350005,13.1121700757,2.99399400703,18.4595789759,10.125104191,25.6143675703,1.03586156432,0.960459688201,11.4124102925,324.591927129,10.5324040991,5.75956635942,0.990697278922,1.07382511199,39.3397364572,8.36706669312,21.8550410112,5.71519848004,0.840655146335,5.71194248068,9.84012404564,7.50292591619,0,0.956388539706,0,10.9044393107,47.3231583175,6.26338182786,0,9.19273928905,0,10.905844715,0.759381530681,41.2235320513,86.1353575303,11.6774355925,134.666673341,6.44695485672,2.99045131565,27.9200880981,26.1688882808,12.1439483756,1.861810663,3.85723763239]]
